{"name": "experiment001", "num_designers": 4, "error_tol": 0.05, "training": [{"name": "Training Task 1/5 (Individual)", "assignments": [[0], [1], [2], [3]], "tasks": [{"designers": [0], "num_inputs": [1], "num_outputs": [1], "coupling": [[1.0]], "target": [1.0], "inputs": [0], "outputs": [0], "time_start": null, "time_complete": null, "actions": null, "score": null}, {"designers": [1], "num_inputs": [1], "num_outputs": [1], "coupling": [[1.0]], "target": [1.0], "inputs": [1], "outputs": [1], "time_start": null, "time_complete": null, "actions": null, "score": null}, {"designers": [2], "num_inputs": [1], "num_outputs": [1], "coupling": [[1.0]], "target": [1.0], "inputs": [2], "outputs": [2], "time_start": null, "time_complete": null, "actions": null, "score": null}, {"designers": [3], "num_inputs": [1], "num_outputs": [1], "coupling": [[1.0]], "target": [1.0], "inputs": [3], "outputs": [3], "time_start": null, "time_complete": null, "actions": null, "score": null}], "max_time": 90000}, {"name": "Training Task 2/5 (Individual)", "assignments": [[0], [1], [2], [3]], "tasks": [{"designers": [0], "num_inputs": [2], "num_outputs": [2], "coupling": [[-0.7372998124605717, -0.6755656789281158], [-0.6755656789281158, 0.7372998124605716]], "target": [0.15787534856188845, 0.9874590494377284], "inputs": [0, 0], "outputs": [0, 0], "time_start": null, "time_complete": null, "actions": null, "score": null}, {"designers": [1], "num_inputs": [2], "num_outputs": [2], "coupling": [[0.10676637342621226, 0.9942841351974869], [0.9942841351974868, -0.10676637342621226]], "target": [0.6008950353103568, 0.7993279405471605], "inputs": [1, 1], "outputs": [1, 1], "time_start": null, "time_complete": null, "actions": null, "score": null}, {"designers": [2], "num_inputs": [2], "num_outputs": [2], "coupling": [[-0.8181306562432212, -0.5750323724061421], [-0.5750323724061421, 0.8181306562432213]], "target": [-0.9389121032831178, 0.3441570314674275], "inputs": [2, 2], "outputs": [2, 2], "time_start": null, "time_complete": null, "actions": null, "score": null}, {"designers": [3], "num_inputs": [2], "num_outputs": [2], "coupling": [[-0.8511351119346999, -0.5249466841803139], [-0.524946684180314, 0.8511351119346997]], "target": [-0.9713960556663772, 0.23746516173073592], "inputs": [3, 3], "outputs": [3, 3], "time_start": null, "time_complete": null, "actions": null, "score": null}], "max_time": 120000}, {"name": "Training Task 3/5 (Pair)", "assignments": [[0, 1], [2, 3]], "tasks": [{"designers": [0, 1], "num_inputs": [1, 1], "num_outputs": [1, 1], "coupling": [[-1, 0], [0, -1]], "target": [0.25481567049711695, 0.9669896452750179], "inputs": [0, 1], "outputs": [0, 1], "time_start": null, "time_complete": null, "actions": null, "score": null}, {"designers": [2, 3], "num_inputs": [1, 1], "num_outputs": [1, 1], "coupling": [[1, 0], [0, -1]], "target": [-0.912536405835364, -0.4089954865583188], "inputs": [2, 3], "outputs": [2, 3], "time_start": null, "time_complete": null, "actions": null, "score": null}], "max_time": 270000}, {"name": "Training Task 4/5 (Pair)", "assignments": [[0, 1], [2, 3]], "tasks": [{"designers": [0, 1], "num_inputs": [1, 1], "num_outputs": [1, 1], "coupling": [[-0.5607773617637709, -0.8279666361232589], [-0.827966636123259, 0.560777361763771]], "target": [-0.8044537503931688, -0.5940152889264426], "inputs": [0, 1], "outputs": [0, 1], "time_start": null, "time_complete": null, "actions": null, "score": null}, {"designers": [2, 3], "num_inputs": [1, 1], "num_outputs": [1, 1], "coupling": [[-0.5655881717601545, -0.8246878318279021], [-0.8246878318279023, 0.5655881717601545]], "target": [0.5273105890110061, -0.8496726091365222], "inputs": [2, 3], "outputs": [2, 3], "time_start": null, "time_complete": null, "actions": null, "score": null}], "max_time": 270000}, {"name": "Training Task 5/5 (Pair)", "assignments": [[0, 1], [2, 3]], "tasks": [{"designers": [0, 1], "num_inputs": [2, 1], "num_outputs": [2, 1], "coupling": [[-0.3831001481399413, 0.2883110520847273, 0.8775596924089852], [-0.4935340567869999, 0.7391783116283008, -0.45830072922667386], [-0.7808062572024649, -0.6086806723267402, -0.14088799753473014]], "target": [-0.607620139524339, 0.5096619063516675, -0.609132585943657], "inputs": [0, 0, 1], "outputs": [0, 0, 1], "time_start": null, "time_complete": null, "actions": null, "score": null}, {"designers": [2, 3], "num_inputs": [2, 1], "num_outputs": [2, 1], "coupling": [[-0.8502919148495655, 0.43777880585486967, -0.2921530021850611], [-0.46510155296114275, -0.8848213422511063, 0.027780167927568086], [-0.2463416427942976, 0.15950206720050633, 0.9559680358590301]], "target": [-0.905966617260888, 0.4000741384801826, 0.1384383333047731], "inputs": [2, 2, 3], "outputs": [2, 2, 3], "time_start": null, "time_complete": null, "actions": null, "score": null}], "max_time": 540000}], "rounds": [{"name": "Hallowed Sign (Pair)", "assignments": [[1, 0], [3, 2]], "tasks": [{"designers": [1, 0], "num_inputs": [2, 1], "num_outputs": [2, 1], "coupling": [[-0.48695867931547687, -0.21600817289858787, -0.8462929243945858], [-0.6394806932943249, -0.5718077356934547, 0.513906952964186], [-0.5949249427811341, 0.7914394371284126, 0.1403136836332285]], "target": [0.4968744292931473, -0.30936592524734063, -0.8108073296477198], "inputs": [1, 1, 0], "outputs": [1, 1, 0], "time_start": null, "time_complete": null, "actions": null, "score": null}, {"designers": [3, 2], "num_inputs": [2, 1], "num_outputs": [2, 1], "coupling": [[-0.324518833810036, -0.6311325013056408, -0.7045277086802622], [-0.6573343104681678, -0.38510704117531147, 0.6477686092413983], [-0.6801464039336773, 0.6733233492408257, -0.28989055966554766]], "target": [-0.39860803158216007, -0.8073106316926321, 0.43515650186368515], "inputs": [3, 3, 2], "outputs": [3, 3, 2], "time_start": null, "time_complete": null, "actions": null, "score": null}], "max_time": 360000}, {"name": "Absorbed Copper (Pair)", "assignments": [[1, 0], [3, 2]], "tasks": [{"designers": [1, 0], "num_inputs": [2, 1], "num_outputs": [2, 1], "coupling": [[-0.4417441651076236, 0.1978080735541233, 0.8750623169981527], [-0.7882185834217924, 0.3802511167788157, -0.483860055116153], [-0.42845484866192385, -0.9034827359862886, -0.012057712586474506]], "target": [0.7990479462512292, 0.3308632566150598, -0.5020476919713603], "inputs": [1, 1, 0], "outputs": [1, 1, 0], "time_start": null, "time_complete": null, "actions": null, "score": null}, {"designers": [3, 2], "num_inputs": [2, 1], "num_outputs": [2, 1], "coupling": [[-0.8557351147889238, 0.4923917147591132, 0.15895852463383792], [-0.35796486023664664, -0.34156802859055924, -0.8690180899616052], [-0.3736021575860403, -0.800550861020921, 0.468550687509598]], "target": [0.6888847490212615, -0.7241237104089375, 0.03290371695579021], "inputs": [3, 3, 2], "outputs": [3, 3, 2], "time_start": null, "time_complete": null, "actions": null, "score": null}], "max_time": 360000}, {"name": "Thinkable Ink (Pair)", "assignments": [[0, 1], [2, 3]], "tasks": [{"designers": [0, 1], "num_inputs": [1, 1], "num_outputs": [1, 1], "coupling": [[-0.795930631313341, -0.6053878344806306], [-0.6053878344806305, 0.7959306313133407]], "target": [-0.26207318331089646, 0.9650480022202488], "inputs": [0, 1], "outputs": [0, 1], "time_start": null, "time_complete": null, "actions": null, "score": null}, {"designers": [2, 3], "num_inputs": [1, 1], "num_outputs": [1, 1], "coupling": [[-0.7254600785332439, -0.6882642475492528], [-0.6882642475492526, 0.7254600785332443]], "target": [0.002903801500920178, 0.999995783959534], "inputs": [2, 3], "outputs": [2, 3], "time_start": null, "time_complete": null, "actions": null, "score": null}], "max_time": 180000}, {"name": "Statuesque Name (Pair)", "assignments": [[1, 0], [3, 2]], "tasks": [{"designers": [1, 0], "num_inputs": [2, 1], "num_outputs": [2, 1], "coupling": [[-0.5186607995483145, -0.8008086948059534, 0.29949358813685517], [-0.3340992541026222, 0.5122756445045705, 0.791170874372596], [-0.7869997861625971, 0.31028873387638867, -0.5332468829814323]], "target": [-0.9727463550092972, 0.12187414588643053, 0.19725927451093167], "inputs": [1, 1, 0], "outputs": [1, 1, 0], "time_start": null, "time_complete": null, "actions": null, "score": null}, {"designers": [3, 2], "num_inputs": [2, 1], "num_outputs": [2, 1], "coupling": [[-0.6531492718687872, 0.23295147616904643, -0.7205065151738292], [-0.3319713605022273, -0.9432808083814468, -0.004041329675369153], [-0.680581401790832, 0.2365479365581254, 0.693436391636983]], "target": [0.7588371758811183, 0.5983436338501332, -0.2571984376542472], "inputs": [3, 3, 2], "outputs": [3, 3, 2], "time_start": null, "time_complete": null, "actions": null, "score": null}], "max_time": 360000}, {"name": "Towering Test (Pair)", "assignments": [[0, 1], [2, 3]], "tasks": [{"designers": [0, 1], "num_inputs": [1, 1], "num_outputs": [1, 1], "coupling": [[0.7742366454176766, 0.6328962133654954], [0.6328962133654956, -0.7742366454176767]], "target": [0.8785787032087704, -0.47759759449561245], "inputs": [0, 1], "outputs": [0, 1], "time_start": null, "time_complete": null, "actions": null, "score": null}, {"designers": [2, 3], "num_inputs": [1, 1], "num_outputs": [1, 1], "coupling": [[-0.81049428494476, -0.5857465442253008], [-0.5857465442253009, 0.81049428494476]], "target": [0.9932495211672174, -0.11599736506099324], "inputs": [2, 3], "outputs": [2, 3], "time_start": null, "time_complete": null, "actions": null, "score": null}], "max_time": 180000}, {"name": "Chemical Rhythm (Pair)", "assignments": [[0, 1], [2, 3]], "tasks": [{"designers": [0, 1], "num_inputs": [2, 2], "num_outputs": [2, 2], "coupling": [[-0.5407577148064535, 0.07890229092004573, 0.4935114901900697, -0.6766106202353368], [-0.3864829368807769, -0.7940878355751967, 0.24875037714390927, 0.39771685752840713], [-0.645723416441055, 0.060188362972943305, -0.7605378328239658, -0.031635980556236454], [-0.3758368034626244, 0.5996468117498037, 0.3408105980813464, 0.6188849122064028]], "target": [-0.4847018677903241, -0.06422909073011024, -0.7286033560273636, 0.47966224872322105], "inputs": [0, 0, 1, 1], "outputs": [0, 0, 1, 1], "time_start": null, "time_complete": null, "actions": null, "score": null}, {"designers": [2, 3], "num_inputs": [2, 2], "num_outputs": [2, 2], "coupling": [[-0.3912924360532203, 0.06335260871745146, 0.9162777943294239, -0.057547198672364096], [-0.5601642525072698, -0.7378934423962581, -0.16700632409562743, 0.3373991191358369], [-0.5582027765439292, 0.14239316110528757, -0.2960740188564497, -0.7618884585602296], [-0.47065475665200435, 0.6566764060842584, -0.21185860069646176, 0.549887380328047]], "target": [0.7221668670384389, 0.07830807471203813, -0.07702569187616669, 0.6829420944544105], "inputs": [2, 2, 3, 3], "outputs": [2, 2, 3, 3], "time_start": null, "time_complete": null, "actions": null, "score": null}], "max_time": 720000}, {"name": "Better Behavior (Pair)", "assignments": [[0, 1], [2, 3]], "tasks": [{"designers": [0, 1], "num_inputs": [2, 1], "num_outputs": [2, 1], "coupling": [[-0.5483530659553326, -0.7093958467263888, -0.4427939110971796], [-0.6279431661322235, -0.0003860067509311449, 0.7782591028100007], [-0.5522646966493749, 0.7048101756119433, -0.4452486060490651]], "target": [-0.9047570681134269, 0.4146039789598021, -0.09756120299327893], "inputs": [0, 0, 1], "outputs": [0, 0, 1], "time_start": null, "time_complete": null, "actions": null, "score": null}, {"designers": [2, 3], "num_inputs": [2, 1], "num_outputs": [2, 1], "coupling": [[-0.7685615333303437, 0.6115411168583402, -0.18796444311774638], [-0.4310542327949551, -0.7120739456314897, -0.5542047855642847], [-0.4727635961814992, -0.34491761095144985, 0.8108800304490674]], "target": [0.642288742977998, 0.3067012533884956, -0.7024240256523614], "inputs": [2, 2, 3], "outputs": [2, 2, 3], "time_start": null, "time_complete": null, "actions": null, "score": null}], "max_time": 360000}, {"name": "Staking System (Pair)", "assignments": [[0, 1], [2, 3]], "tasks": [{"designers": [0, 1], "num_inputs": [1, 1], "num_outputs": [1, 1], "coupling": [[0.7090981647414846, 0.7051097735532093], [0.7051097735532093, -0.7090981647414847]], "target": [0.9211167599141588, -0.3892864171856526], "inputs": [0, 1], "outputs": [0, 1], "time_start": null, "time_complete": null, "actions": null, "score": null}, {"designers": [2, 3], "num_inputs": [1, 1], "num_outputs": [1, 1], "coupling": [[-0.6600085325830555, -0.751258102730055], [-0.751258102730055, 0.6600085325830554]], "target": [-0.9646782973797168, 0.26343079274179465], "inputs": [2, 3], "outputs": [2, 3], "time_start": null, "time_complete": null, "actions": null, "score": null}], "max_time": 180000}, {"name": "Breezy Rain (Pair)", "assignments": [[0, 1], [2, 3]], "tasks": [{"designers": [0, 1], "num_inputs": [1, 1], "num_outputs": [1, 1], "coupling": [[-0.7978234592912062, -0.6028911409239758], [-0.6028911409239758, 0.7978234592912063]], "target": [-0.778119333344881, 0.628116472539065], "inputs": [0, 1], "outputs": [0, 1], "time_start": null, "time_complete": null, "actions": null, "score": null}, {"designers": [2, 3], "num_inputs": [1, 1], "num_outputs": [1, 1], "coupling": [[-0.8762084892314977, -0.481932239426516], [-0.48193223942651603, 0.8762084892314976]], "target": [-0.9447838353443516, 0.3276942240443325], "inputs": [2, 3], "outputs": [2, 3], "time_start": null, "time_complete": null, "actions": null, "score": null}], "max_time": 180000}, {"name": "Chief Government (Pair)", "assignments": [[0, 1], [2, 3]], "tasks": [{"designers": [0, 1], "num_inputs": [2, 2], "num_outputs": [2, 2], "coupling": [[-0.6352933394296137, 0.6296537055243889, 0.15459016067878703, 0.4195717652763148], [-0.5387520677936952, -0.011056002924457575, 0.10088528337400035, -0.8363289626970357], [-0.37737303248883014, -0.25890360922097166, -0.8779439783166096, 0.14061609587861124], [-0.4046457421925654, -0.7323816607828837, 0.44174473710216206, 0.32363639090323937]], "target": [0.5115256743378158, -0.3114445150208412, -0.7818992137434805, -0.17313988016630585], "inputs": [0, 0, 1, 1], "outputs": [0, 0, 1, 1], "time_start": null, "time_complete": null, "actions": null, "score": null}, {"designers": [2, 3], "num_inputs": [2, 2], "num_outputs": [2, 2], "coupling": [[-0.274317280448394, 0.8985073055341775, -0.03811338138672038, -0.34056133325493526], [-0.4048708361697688, -0.36160999085714224, -0.6279738161284576, -0.557643888865064], [-0.47397003769673474, 0.12303281966750916, -0.4358448656707484, 0.7551520255676106], [-0.7322445213399311, -0.21630016573889, 0.6436113031052046, -0.05288373837205676]], "target": [-0.5623446567952746, -0.6784835950781916, -0.3027537048092043, -0.36299957631914476], "inputs": [2, 2, 3, 3], "outputs": [2, 2, 3, 3], "time_start": null, "time_complete": null, "actions": null, "score": null}], "max_time": 720000}]}