{"name": "experiment007", "num_designers": 4, "error_tol": 0.05, "training": [{"name": "Training Task 1/5 (Individual)", "assignments": [[0], [1], [2], [3]], "tasks": [{"designers": [0], "num_inputs": [1], "num_outputs": [1], "coupling": [[1.0]], "target": [-1.0], "inputs": [0], "outputs": [0], "time_start": null, "time_complete": null, "actions": null, "score": null}, {"designers": [1], "num_inputs": [1], "num_outputs": [1], "coupling": [[1.0]], "target": [-1.0], "inputs": [1], "outputs": [1], "time_start": null, "time_complete": null, "actions": null, "score": null}, {"designers": [2], "num_inputs": [1], "num_outputs": [1], "coupling": [[1.0]], "target": [1.0], "inputs": [2], "outputs": [2], "time_start": null, "time_complete": null, "actions": null, "score": null}, {"designers": [3], "num_inputs": [1], "num_outputs": [1], "coupling": [[1.0]], "target": [-1.0], "inputs": [3], "outputs": [3], "time_start": null, "time_complete": null, "actions": null, "score": null}], "max_time": 90000}, {"name": "Training Task 2/5 (Individual)", "assignments": [[0], [1], [2], [3]], "tasks": [{"designers": [0], "num_inputs": [2], "num_outputs": [2], "coupling": [[-0.636619159604599, -0.7711783487782408], [-0.7711783487782409, 0.636619159604599]], "target": [0.22296094730114113, 0.9748273775282358], "inputs": [0, 0], "outputs": [0, 0], "time_start": null, "time_complete": null, "actions": null, "score": null}, {"designers": [1], "num_inputs": [2], "num_outputs": [2], "coupling": [[-0.8010006406329883, -0.5986634895377725], [-0.5986634895377725, 0.8010006406329883]], "target": [-0.8977276049683529, 0.44055095877524214], "inputs": [1, 1], "outputs": [1, 1], "time_start": null, "time_complete": null, "actions": null, "score": null}, {"designers": [2], "num_inputs": [2], "num_outputs": [2], "coupling": [[-0.7738796557161819, -0.6333326759836442], [-0.6333326759836442, 0.7738796557161821]], "target": [-0.3234219149253219, -0.9462548625745801], "inputs": [2, 2], "outputs": [2, 2], "time_start": null, "time_complete": null, "actions": null, "score": null}, {"designers": [3], "num_inputs": [2], "num_outputs": [2], "coupling": [[-0.8665265977638973, -0.4991309000329722], [-0.4991309000329722, 0.8665265977638974]], "target": [0.4145613068835925, 0.910021385921764], "inputs": [3, 3], "outputs": [3, 3], "time_start": null, "time_complete": null, "actions": null, "score": null}], "max_time": 120000}, {"name": "Training Task 3/5 (Pair)", "assignments": [[0, 1], [2, 3]], "tasks": [{"designers": [0, 1], "num_inputs": [1, 1], "num_outputs": [1, 1], "coupling": [[-1, 0], [0, 1]], "target": [-0.5154434956449208, -0.8569235688189143], "inputs": [0, 1], "outputs": [0, 1], "time_start": null, "time_complete": null, "actions": null, "score": null}, {"designers": [2, 3], "num_inputs": [1, 1], "num_outputs": [1, 1], "coupling": [[-1, 0], [0, 1]], "target": [0.7399850219214266, 0.6726233472991743], "inputs": [2, 3], "outputs": [2, 3], "time_start": null, "time_complete": null, "actions": null, "score": null}], "max_time": 270000}, {"name": "Training Task 4/5 (Pair)", "assignments": [[0, 1], [2, 3]], "tasks": [{"designers": [0, 1], "num_inputs": [1, 1], "num_outputs": [1, 1], "coupling": [[-0.8907189172210215, -0.4545545187374242], [-0.45455451873742425, 0.8907189172210214]], "target": [0.7746363102414253, -0.6324069788162923], "inputs": [0, 1], "outputs": [0, 1], "time_start": null, "time_complete": null, "actions": null, "score": null}, {"designers": [2, 3], "num_inputs": [1, 1], "num_outputs": [1, 1], "coupling": [[-0.5323171599394089, -0.8465450024860124], [-0.8465450024860124, 0.5323171599394085]], "target": [-0.8787046569956172, -0.47736581965429287], "inputs": [2, 3], "outputs": [2, 3], "time_start": null, "time_complete": null, "actions": null, "score": null}], "max_time": 270000}, {"name": "Training Task 5/5 (Pair)", "assignments": [[0, 1], [2, 3]], "tasks": [{"designers": [0, 1], "num_inputs": [2, 1], "num_outputs": [2, 1], "coupling": [[-0.6573668820062272, 0.6624467588113147, -0.3592117400389288], [-0.6144529192888012, -0.7471501357478993, -0.2534053760861546], [-0.4362526703859603, 0.05413840034835893, 0.8981940999521427]], "target": [-0.5963572914431423, 0.3353110088035759, -0.7293315489663995], "inputs": [0, 0, 1], "outputs": [0, 0, 1], "time_start": null, "time_complete": null, "actions": null, "score": null}, {"designers": [2, 3], "num_inputs": [2, 1], "num_outputs": [2, 1], "coupling": [[-0.7686017286899014, -0.30778449222794135, -0.5608209063496864], [-0.5363567078829106, -0.16777117987449702, 0.8271483017648806], [-0.3486730052124791, 0.9365476696610311, -0.03613305811290907]], "target": [-0.38557048550123874, 0.388744412828361, 0.8367874175709578], "inputs": [2, 2, 3], "outputs": [2, 2, 3], "time_start": null, "time_complete": null, "actions": null, "score": null}], "max_time": 540000}], "rounds": [{"name": "Statuesque Name (Pair)", "assignments": [[1, 0], [3, 2]], "tasks": [{"designers": [1, 0], "num_inputs": [2, 1], "num_outputs": [2, 1], "coupling": [[-0.5721426949856093, 0.4671605033136984, 0.674102218300975], [-0.5451332766014231, 0.39747478778427997, -0.738135152812571], [-0.6127662256655472, -0.7897941866204973, 0.027252439598435485]], "target": [-0.32808370117681784, 0.6907093339430695, 0.6444235416448114], "inputs": [1, 1, 0], "outputs": [1, 1, 0], "time_start": null, "time_complete": null, "actions": null, "score": null}, {"designers": [3, 2], "num_inputs": [2, 1], "num_outputs": [2, 1], "coupling": [[-0.6422634524031865, -0.38335230214226, -0.6637308717766329], [-0.5075785685821809, -0.43614113675953603, 0.7430645365929963], [-0.5743358376622553, 0.8141387604507782, 0.08553609944617768]], "target": [-0.7572136088380819, -0.3147172115468839, 0.5723465972175967], "inputs": [3, 3, 2], "outputs": [3, 3, 2], "time_start": null, "time_complete": null, "actions": null, "score": null}], "max_time": 360000}, {"name": "Thinkable Ink (Pair)", "assignments": [[0, 1], [2, 3]], "tasks": [{"designers": [0, 1], "num_inputs": [1, 1], "num_outputs": [1, 1], "coupling": [[-0.8061680579373449, -0.5916866251332114], [-0.5916866251332115, 0.806168057937345]], "target": [-0.8219416853763981, 0.5695716511911441], "inputs": [0, 1], "outputs": [0, 1], "time_start": null, "time_complete": null, "actions": null, "score": null}, {"designers": [2, 3], "num_inputs": [1, 1], "num_outputs": [1, 1], "coupling": [[-0.6250835793938325, -0.7805578253865592], [-0.7805578253865592, 0.6250835793938326]], "target": [-0.9857078873313123, 0.16846352974113077], "inputs": [2, 3], "outputs": [2, 3], "time_start": null, "time_complete": null, "actions": null, "score": null}], "max_time": 180000}, {"name": "Breezy Rain (Pair)", "assignments": [[0, 1], [2, 3]], "tasks": [{"designers": [0, 1], "num_inputs": [1, 1], "num_outputs": [1, 1], "coupling": [[0.6404393744026666, 0.7680087289313322], [0.7680087289313325, -0.6404393744026667]], "target": [0.9422484052150542, -0.33491482927706756], "inputs": [0, 1], "outputs": [0, 1], "time_start": null, "time_complete": null, "actions": null, "score": null}, {"designers": [2, 3], "num_inputs": [1, 1], "num_outputs": [1, 1], "coupling": [[-0.5436552819196082, -0.83930860500826], [-0.8393086050082601, 0.5436552819196081]], "target": [-0.13276806960419107, 0.9911471332216912], "inputs": [2, 3], "outputs": [2, 3], "time_start": null, "time_complete": null, "actions": null, "score": null}], "max_time": 180000}, {"name": "Better Behavior (Pair)", "assignments": [[0, 1], [2, 3]], "tasks": [{"designers": [0, 1], "num_inputs": [2, 1], "num_outputs": [2, 1], "coupling": [[-0.49455487114233354, 0.26402409964176843, -0.8280741236373366], [-0.6870541712164644, -0.7022862594174901, 0.18641506282338438], [-0.5323270096880738, 0.6611242580950593, 0.5287179494917971]], "target": [-0.31624412741525587, -0.7091705744067078, 0.630132326000677], "inputs": [0, 0, 1], "outputs": [0, 0, 1], "time_start": null, "time_complete": null, "actions": null, "score": null}, {"designers": [2, 3], "num_inputs": [2, 1], "num_outputs": [2, 1], "coupling": [[-0.6809615665530263, 0.6754250496199662, -0.2830059137606744], [-0.7002754922855756, -0.7136407153244263, -0.01819792118445558], [-0.21425587455620176, 0.1857900206607101, 0.9589455085879748]], "target": [-0.3989628802331737, 0.5832407629019213, 0.7075724928836868], "inputs": [2, 2, 3], "outputs": [2, 2, 3], "time_start": null, "time_complete": null, "actions": null, "score": null}], "max_time": 360000}, {"name": "Towering Test (Pair)", "assignments": [[0, 1], [2, 3]], "tasks": [{"designers": [0, 1], "num_inputs": [1, 1], "num_outputs": [1, 1], "coupling": [[-0.9048752668508283, -0.4256768157201454], [-0.4256768157201453, 0.9048752668508282]], "target": [-0.6458437714944714, 0.7634695952176462], "inputs": [0, 1], "outputs": [0, 1], "time_start": null, "time_complete": null, "actions": null, "score": null}, {"designers": [2, 3], "num_inputs": [1, 1], "num_outputs": [1, 1], "coupling": [[-0.92066414624381, -0.39035564530458133], [-0.3903556453045812, 0.9206641462438101]], "target": [0.34240499893278975, 0.9395524555371223], "inputs": [2, 3], "outputs": [2, 3], "time_start": null, "time_complete": null, "actions": null, "score": null}], "max_time": 180000}, {"name": "Chief Government (Pair)", "assignments": [[0, 1], [2, 3]], "tasks": [{"designers": [0, 1], "num_inputs": [2, 2], "num_outputs": [2, 2], "coupling": [[-0.5021312450316551, 0.43585157960263954, -0.3829026020954175, 0.6413136600988649], [-0.5080874220413931, -0.46881185897897326, 0.6524831387260404, 0.3103681138941717], [-0.5924399623650238, 0.4320447346293578, 0.1630928288296446, -0.6601158742647544], [-0.37245976335601694, -0.6352843369056184, -0.6332867282448904, -0.2379820493063521]], "target": [0.9601742131356323, -0.008714772667337656, 0.24377497232324136, -0.13624718725730947], "inputs": [0, 0, 1, 1], "outputs": [0, 0, 1, 1], "time_start": null, "time_complete": null, "actions": null, "score": null}, {"designers": [2, 3], "num_inputs": [2, 2], "num_outputs": [2, 2], "coupling": [[-0.4570978452803789, 0.5011999927573785, 0.7067281886733363, 0.20098605532360622], [-0.5698103647548083, -0.24276129675851407, 0.02676480438333262, -0.7846443438019794], [-0.6287408659124601, 0.1976677132087581, -0.6529636116648911, 0.373163396554393], [-0.2665757520662316, -0.8067174196773916, 0.27103032011634454, 0.4524234065308801]], "target": [-0.5727513289745438, 0.6218865320145498, -0.03163412848272569, 0.5331156894820757], "inputs": [2, 2, 3, 3], "outputs": [2, 2, 3, 3], "time_start": null, "time_complete": null, "actions": null, "score": null}], "max_time": 720000}, {"name": "Hallowed Sign (Pair)", "assignments": [[1, 0], [3, 2]], "tasks": [{"designers": [1, 0], "num_inputs": [2, 1], "num_outputs": [2, 1], "coupling": [[-0.44527599119774675, -0.5408937792113632, -0.7135567330446216], [-0.6105048385120755, -0.39955497789021077, 0.6838418397528024], [-0.6549909417817994, 0.7401281910950309, -0.15230603051156205]], "target": [0.6052231631968623, -0.37655863955526775, -0.7013618992405206], "inputs": [1, 1, 0], "outputs": [1, 1, 0], "time_start": null, "time_complete": null, "actions": null, "score": null}, {"designers": [3, 2], "num_inputs": [2, 1], "num_outputs": [2, 1], "coupling": [[-0.4916820134202464, 0.8703190266918424, 0.0281707198555003], [-0.3849797055021015, -0.18824672171429607, -0.9035229925770212], [-0.781050205832204, -0.45509115959550855, 0.4276126897409468]], "target": [-0.5990074502255016, 0.390217494407942, -0.6992284187819677], "inputs": [3, 3, 2], "outputs": [3, 3, 2], "time_start": null, "time_complete": null, "actions": null, "score": null}], "max_time": 360000}, {"name": "Staking System (Pair)", "assignments": [[0, 1], [2, 3]], "tasks": [{"designers": [0, 1], "num_inputs": [1, 1], "num_outputs": [1, 1], "coupling": [[-0.7720571503145451, -0.6355531108004933], [-0.6355531108004933, 0.7720571503145451]], "target": [-0.9994690800790866, -0.032581558677645193], "inputs": [0, 1], "outputs": [0, 1], "time_start": null, "time_complete": null, "actions": null, "score": null}, {"designers": [2, 3], "num_inputs": [1, 1], "num_outputs": [1, 1], "coupling": [[-0.2035736359632483, -0.979059637989792], [-0.9790596379897916, 0.20357363596324884]], "target": [0.3331861355443675, -0.9428610709330459], "inputs": [2, 3], "outputs": [2, 3], "time_start": null, "time_complete": null, "actions": null, "score": null}], "max_time": 180000}, {"name": "Chemical Rhythm (Pair)", "assignments": [[0, 1], [2, 3]], "tasks": [{"designers": [0, 1], "num_inputs": [2, 2], "num_outputs": [2, 2], "coupling": [[-0.3770165969834621, -0.8791917756218164, 0.24474820137005124, -0.15804627551478032], [-0.41371056385965693, 0.3512566348264061, 0.08490461033707322, -0.8356156730129372], [-0.4175603131833293, 0.3123816166377268, 0.7461768184119791, 0.41386140929738396], [-0.7157830955004292, 0.07783523467034537, -0.6132778169265631, 0.3247869389390921]], "target": [0.5088721718951226, -0.10084185026154345, -0.4430375107952976, -0.7311619505519116], "inputs": [0, 0, 1, 1], "outputs": [0, 0, 1, 1], "time_start": null, "time_complete": null, "actions": null, "score": null}, {"designers": [2, 3], "num_inputs": [2, 2], "num_outputs": [2, 2], "coupling": [[-0.43873163826211803, -0.7862465620057096, -0.14049052435335208, -0.41181707819001373], [-0.3327017216801451, -0.26870599264465767, -0.0928950078662527, 0.8991535861138772], [-0.4544718563040343, 0.4486607060723634, -0.7612171129278038, -0.11272714686388834], [-0.7001995756971509, 0.3291154874473384, 0.6262439117997941, -0.09603183352161077]], "target": [-0.5124062359167578, 0.5392896750371562, 0.6637889174091929, -0.07740005760120426], "inputs": [2, 2, 3, 3], "outputs": [2, 2, 3, 3], "time_start": null, "time_complete": null, "actions": null, "score": null}], "max_time": 720000}, {"name": "Absorbed Copper (Pair)", "assignments": [[1, 0], [3, 2]], "tasks": [{"designers": [1, 0], "num_inputs": [2, 1], "num_outputs": [2, 1], "coupling": [[-0.7324969871449101, 0.1470588886279151, -0.664696808401509], [-0.591189363271492, -0.6215467221951828, 0.5139793856596514], [-0.3375548852827903, 0.7694500343777673, 0.5422207521091158]], "target": [-0.6782893616704604, -0.6281390578481865, 0.3812674466175579], "inputs": [1, 1, 0], "outputs": [1, 1, 0], "time_start": null, "time_complete": null, "actions": null, "score": null}, {"designers": [3, 2], "num_inputs": [2, 1], "num_outputs": [2, 1], "coupling": [[-0.5388873073203143, 0.15322920186986905, -0.8283243819322137], [-0.5681934021764545, -0.7920662763593882, 0.22313061550876212], [-0.6218976826876, 0.5908907052480147, 0.5138982844097624]], "target": [0.858138901056116, -0.41114207134250447, 0.3075058107847659], "inputs": [3, 3, 2], "outputs": [3, 3, 2], "time_start": null, "time_complete": null, "actions": null, "score": null}], "max_time": 360000}]}