{"name": "experiment006", "num_designers": 4, "error_tol": 0.05, "training": [{"name": "Training Task 1/5 (Individual)", "assignments": [[0], [1], [2], [3]], "tasks": [{"designers": [0], "num_inputs": [1], "num_outputs": [1], "coupling": [[1.0]], "target": [1.0], "inputs": [0], "outputs": [0], "time_start": null, "time_complete": null, "actions": null, "score": null}, {"designers": [1], "num_inputs": [1], "num_outputs": [1], "coupling": [[1.0]], "target": [1.0], "inputs": [1], "outputs": [1], "time_start": null, "time_complete": null, "actions": null, "score": null}, {"designers": [2], "num_inputs": [1], "num_outputs": [1], "coupling": [[1.0]], "target": [1.0], "inputs": [2], "outputs": [2], "time_start": null, "time_complete": null, "actions": null, "score": null}, {"designers": [3], "num_inputs": [1], "num_outputs": [1], "coupling": [[1.0]], "target": [1.0], "inputs": [3], "outputs": [3], "time_start": null, "time_complete": null, "actions": null, "score": null}], "max_time": 90000}, {"name": "Training Task 2/5 (Individual)", "assignments": [[0], [1], [2], [3]], "tasks": [{"designers": [0], "num_inputs": [2], "num_outputs": [2], "coupling": [[0.3189125136238512, 0.9477841572078087], [0.947784157207809, -0.3189125136238514]], "target": [0.8595308862163944, -0.5110838049088031], "inputs": [0, 0], "outputs": [0, 0], "time_start": null, "time_complete": null, "actions": null, "score": null}, {"designers": [1], "num_inputs": [2], "num_outputs": [2], "coupling": [[-0.5101187259627182, -0.8601039968644333], [-0.8601039968644333, 0.5101187259627182]], "target": [0.39247862376478304, -0.9197611265365057], "inputs": [1, 1], "outputs": [1, 1], "time_start": null, "time_complete": null, "actions": null, "score": null}, {"designers": [2], "num_inputs": [2], "num_outputs": [2], "coupling": [[-0.7301982288595251, -0.6832353522545599], [-0.6832353522545598, 0.730198228859525]], "target": [0.8280699965768155, -0.560624723651457], "inputs": [2, 2], "outputs": [2, 2], "time_start": null, "time_complete": null, "actions": null, "score": null}, {"designers": [3], "num_inputs": [2], "num_outputs": [2], "coupling": [[-0.16071515097099398, -0.9870008309258761], [-0.9870008309258761, 0.1607151509709943]], "target": [-0.6229667461745483, 0.7822483193722414], "inputs": [3, 3], "outputs": [3, 3], "time_start": null, "time_complete": null, "actions": null, "score": null}], "max_time": 120000}, {"name": "Training Task 3/5 (Pair)", "assignments": [[0, 1], [2, 3]], "tasks": [{"designers": [0, 1], "num_inputs": [1, 1], "num_outputs": [1, 1], "coupling": [[1, 0], [0, 1]], "target": [0.6473209553062544, -0.7622175416647128], "inputs": [0, 1], "outputs": [0, 1], "time_start": null, "time_complete": null, "actions": null, "score": null}, {"designers": [2, 3], "num_inputs": [1, 1], "num_outputs": [1, 1], "coupling": [[-1, 0], [0, 1]], "target": [0.9786752569805726, -0.20541358614758234], "inputs": [2, 3], "outputs": [2, 3], "time_start": null, "time_complete": null, "actions": null, "score": null}], "max_time": 270000}, {"name": "Training Task 4/5 (Pair)", "assignments": [[0, 1], [2, 3]], "tasks": [{"designers": [0, 1], "num_inputs": [1, 1], "num_outputs": [1, 1], "coupling": [[-0.7326099966210327, -0.6806486559532241], [-0.6806486559532241, 0.7326099966210328]], "target": [0.962104983835776, 0.2726792989545798], "inputs": [0, 1], "outputs": [0, 1], "time_start": null, "time_complete": null, "actions": null, "score": null}, {"designers": [2, 3], "num_inputs": [1, 1], "num_outputs": [1, 1], "coupling": [[-0.6933463153667997, -0.7206045288279015], [-0.7206045288279015, 0.6933463153667998]], "target": [-0.28659900687977924, -0.9580506297975719], "inputs": [2, 3], "outputs": [2, 3], "time_start": null, "time_complete": null, "actions": null, "score": null}], "max_time": 270000}, {"name": "Training Task 5/5 (Pair)", "assignments": [[0, 1], [2, 3]], "tasks": [{"designers": [0, 1], "num_inputs": [2, 1], "num_outputs": [2, 1], "coupling": [[-0.621136660927554, -0.7342319364581493, -0.2740304945378993], [-0.31756267770429014, -0.0838669430518923, 0.944521191711659], [-0.7164797234961017, 0.6736985968131801, -0.18107182682820233]], "target": [-0.093922135932762, 0.5285678805736183, -0.8436792210358987], "inputs": [0, 0, 1], "outputs": [0, 0, 1], "time_start": null, "time_complete": null, "actions": null, "score": null}, {"designers": [2, 3], "num_inputs": [2, 1], "num_outputs": [2, 1], "coupling": [[-0.7467432896558069, 0.34730105766088337, -0.5672357840454498], [-0.4183320127582422, -0.9082781721560007, -0.005393429946942918], [-0.5170810250392702, 0.23326537962712426, 0.8235377806826785]], "target": [-0.2205542170588357, 0.6638996712016227, 0.714557950005415], "inputs": [2, 2, 3], "outputs": [2, 2, 3], "time_start": null, "time_complete": null, "actions": null, "score": null}], "max_time": 540000}], "rounds": [{"name": "Towering Test (Pair)", "assignments": [[0, 1], [2, 3]], "tasks": [{"designers": [0, 1], "num_inputs": [1, 1], "num_outputs": [1, 1], "coupling": [[-0.7689318684890224, -0.6393307294522771], [-0.6393307294522771, 0.7689318684890225]], "target": [-0.4023973573792896, 0.915465109534036], "inputs": [0, 1], "outputs": [0, 1], "time_start": null, "time_complete": null, "actions": null, "score": null}, {"designers": [2, 3], "num_inputs": [1, 1], "num_outputs": [1, 1], "coupling": [[-0.2803711885703566, -0.9598916587926195], [-0.9598916587926195, 0.28037118857035614]], "target": [-0.8610111629488022, -0.5085860569043855], "inputs": [2, 3], "outputs": [2, 3], "time_start": null, "time_complete": null, "actions": null, "score": null}], "max_time": 180000}, {"name": "Breezy Rain (Pair)", "assignments": [[0, 1], [2, 3]], "tasks": [{"designers": [0, 1], "num_inputs": [1, 1], "num_outputs": [1, 1], "coupling": [[-0.73289391184785, -0.6803429385070116], [-0.6803429385070117, 0.7328939118478501]], "target": [0.9479815682589989, -0.31832522086886084], "inputs": [0, 1], "outputs": [0, 1], "time_start": null, "time_complete": null, "actions": null, "score": null}, {"designers": [2, 3], "num_inputs": [1, 1], "num_outputs": [1, 1], "coupling": [[-0.872838036170487, -0.4880100025758155], [-0.4880100025758155, 0.8728380361704872]], "target": [-0.4470504483594815, -0.894508745972663], "inputs": [2, 3], "outputs": [2, 3], "time_start": null, "time_complete": null, "actions": null, "score": null}], "max_time": 180000}, {"name": "Hallowed Sign (Pair)", "assignments": [[1, 0], [3, 2]], "tasks": [{"designers": [1, 0], "num_inputs": [2, 1], "num_outputs": [2, 1], "coupling": [[-0.6390120327216642, 0.6962214144872602, 0.3270158467815966], [-0.514066228886493, -0.07029373215024667, -0.8548653130983904], [-0.5721883731389041, -0.7143770245673834, 0.40282245768440733]], "target": [-0.7817059111905005, -0.534428432732301, 0.3214375813390925], "inputs": [1, 1, 0], "outputs": [1, 1, 0], "time_start": null, "time_complete": null, "actions": null, "score": null}, {"designers": [3, 2], "num_inputs": [2, 1], "num_outputs": [2, 1], "coupling": [[-0.5542867955277871, 0.6106914008820403, -0.5655282143202653], [-0.6918086691770446, -0.7158145529595377, -0.09492255276183953], [-0.46278171264109347, 0.3386230037372959, 0.8192481600741668]], "target": [-0.48504679255005567, -0.579023348667779, 0.6553331753653673], "inputs": [3, 3, 2], "outputs": [3, 3, 2], "time_start": null, "time_complete": null, "actions": null, "score": null}], "max_time": 360000}, {"name": "Better Behavior (Pair)", "assignments": [[0, 1], [2, 3]], "tasks": [{"designers": [0, 1], "num_inputs": [2, 1], "num_outputs": [2, 1], "coupling": [[-0.6406331073247674, 0.48150334741655776, -0.5981168349294836], [-0.44225262219663136, -0.868156429970399, -0.22520442105175306], [-0.627695658707002, 0.12024533058585389, 0.7691158693673417]], "target": [0.8612759849030862, -0.49128496776421293, -0.1297796527893903], "inputs": [0, 0, 1], "outputs": [0, 0, 1], "time_start": null, "time_complete": null, "actions": null, "score": null}, {"designers": [2, 3], "num_inputs": [2, 1], "num_outputs": [2, 1], "coupling": [[-0.6008933937751462, 0.7561946467034658, 0.25903047236649335], [-0.7305181377297083, -0.387991664864115, -0.5619659406439966], [-0.32445397172065393, -0.526908079548031, 0.785555533327657]], "target": [0.9879167382005016, 0.12102868199823284, 0.09681206803416707], "inputs": [2, 2, 3], "outputs": [2, 2, 3], "time_start": null, "time_complete": null, "actions": null, "score": null}], "max_time": 360000}, {"name": "Staking System (Pair)", "assignments": [[0, 1], [2, 3]], "tasks": [{"designers": [0, 1], "num_inputs": [1, 1], "num_outputs": [1, 1], "coupling": [[-0.97440907427122, -0.22478201880467213], [-0.2247820188046722, 0.9744090742712199]], "target": [0.16386289416046762, 0.9864831229764428], "inputs": [0, 1], "outputs": [0, 1], "time_start": null, "time_complete": null, "actions": null, "score": null}, {"designers": [2, 3], "num_inputs": [1, 1], "num_outputs": [1, 1], "coupling": [[-0.7724660236142249, -0.6350560938701617], [-0.6350560938701617, 0.7724660236142251]], "target": [0.49097231662732854, 0.8711751742936632], "inputs": [2, 3], "outputs": [2, 3], "time_start": null, "time_complete": null, "actions": null, "score": null}], "max_time": 180000}, {"name": "Chemical Rhythm (Pair)", "assignments": [[0, 1], [2, 3]], "tasks": [{"designers": [0, 1], "num_inputs": [2, 2], "num_outputs": [2, 2], "coupling": [[-0.5836672789542031, -0.679273591107777, 0.44393326466234007, -0.029037087112492307], [-0.5461176922653906, 0.02786374908529511, -0.6400794699175505, 0.5397011671950543], [-0.35465123993712555, 0.0775566823042497, -0.40257539995907016, -0.8403216684037206], [-0.48508810713516815, 0.7292434167960758, 0.48078537422024337, 0.041701214748562324]], "target": [0.010955354741282619, 0.9483856186367606, -0.03701279476491142, 0.31476142010918734], "inputs": [0, 0, 1, 1], "outputs": [0, 0, 1, 1], "time_start": null, "time_complete": null, "actions": null, "score": null}, {"designers": [2, 3], "num_inputs": [2, 2], "num_outputs": [2, 2], "coupling": [[-0.31713608898360957, -0.4179321102544225, -0.7177683362563758, -0.45778386576005486], [-0.29463283408898133, -0.4444647052715288, -0.1428199345293757, 0.8338135793722796], [-0.5872698559330293, 0.7491432316007904, -0.26960839126886105, 0.1456360196398566], [-0.6839081155047618, -0.25800832454187084, 0.6258773019739543, -0.2719908029467657]], "target": [-0.30773727499563486, -0.23556496892052373, 0.18810999462181438, -0.902453070757208], "inputs": [2, 2, 3, 3], "outputs": [2, 2, 3, 3], "time_start": null, "time_complete": null, "actions": null, "score": null}], "max_time": 720000}, {"name": "Thinkable Ink (Pair)", "assignments": [[0, 1], [2, 3]], "tasks": [{"designers": [0, 1], "num_inputs": [1, 1], "num_outputs": [1, 1], "coupling": [[-0.9655289509897282, -0.26029568724947266], [-0.26029568724947283, 0.965528950989728]], "target": [0.7120188489349384, 0.7021603511744063], "inputs": [0, 1], "outputs": [0, 1], "time_start": null, "time_complete": null, "actions": null, "score": null}, {"designers": [2, 3], "num_inputs": [1, 1], "num_outputs": [1, 1], "coupling": [[0.7531783587762538, 0.6578163572541421], [0.657816357254142, -0.7531783587762536]], "target": [0.3382205176470241, -0.9410668846806687], "inputs": [2, 3], "outputs": [2, 3], "time_start": null, "time_complete": null, "actions": null, "score": null}], "max_time": 180000}, {"name": "Chief Government (Pair)", "assignments": [[0, 1], [2, 3]], "tasks": [{"designers": [0, 1], "num_inputs": [2, 2], "num_outputs": [2, 2], "coupling": [[-0.45772050318866975, -0.2752756101980608, 0.8295012721913001, 0.16322658736802526], [-0.5308050320517361, -0.6292592998044986, -0.4284322931751506, -0.3724574092735839], [-0.5841462638984122, 0.7204935199280426, -0.009719072639242904, -0.37358770020205345], [-0.4092812007444194, 0.09563032877355004, -0.35816050762853513, 0.8337054574075543]], "target": [0.6476084595799607, -0.5997276136385383, 0.46649486012398533, 0.057555347256338714], "inputs": [0, 0, 1, 1], "outputs": [0, 0, 1, 1], "time_start": null, "time_complete": null, "actions": null, "score": null}, {"designers": [2, 3], "num_inputs": [2, 2], "num_outputs": [2, 2], "coupling": [[-0.18949776374672866, 0.4484042016914884, 0.486259176119891, -0.7256557607292959], [-0.4683020589508581, 0.6288559824933462, -0.6124884795421864, 0.10045495155947276], [-0.6834985006721709, -0.06837166689226537, 0.5333596267756047, 0.49364220167146866], [-0.5268904807417473, -0.6315054555220571, -0.3223932142479016, -0.4686682156456915]], "target": [0.6236675490623369, -0.4518046263038035, 0.40203702490723814, 0.4952550842755627], "inputs": [2, 2, 3, 3], "outputs": [2, 2, 3, 3], "time_start": null, "time_complete": null, "actions": null, "score": null}], "max_time": 720000}, {"name": "Absorbed Copper (Pair)", "assignments": [[1, 0], [3, 2]], "tasks": [{"designers": [1, 0], "num_inputs": [2, 1], "num_outputs": [2, 1], "coupling": [[-0.8592828399433265, 0.5114922251461298, -0.002950354892664278], [-0.45690764404869433, -0.770150642332699, -0.4450880732219213], [-0.22993130667397887, -0.381108503879921, 0.8954819386685613]], "target": [0.6400072921038367, -0.6276889085638162, 0.4431673500156338], "inputs": [1, 1, 0], "outputs": [1, 1, 0], "time_start": null, "time_complete": null, "actions": null, "score": null}, {"designers": [3, 2], "num_inputs": [2, 1], "num_outputs": [2, 1], "coupling": [[-0.6400481562969224, 0.2922641437366065, -0.7105772497813445], [-0.6145169632701022, -0.7498633417102561, 0.24509971565144556], [-0.4612019725393668, 0.59353739481606, 0.6595499234180544]], "target": [0.5196601045758802, -0.7201314092663524, -0.45974354710016596], "inputs": [3, 3, 2], "outputs": [3, 3, 2], "time_start": null, "time_complete": null, "actions": null, "score": null}], "max_time": 360000}, {"name": "Statuesque Name (Pair)", "assignments": [[1, 0], [3, 2]], "tasks": [{"designers": [1, 0], "num_inputs": [2, 1], "num_outputs": [2, 1], "coupling": [[-0.3087246818810657, -0.19706986526508252, -0.9305119768180513], [-0.5832194277918047, -0.7335864594353361, 0.34886387829542986], [-0.7513615440276641, 0.6503955525197962, 0.11154127226652161]], "target": [-0.1484895117631615, 0.14214424539030163, 0.9786449194670965], "inputs": [1, 1, 0], "outputs": [1, 1, 0], "time_start": null, "time_complete": null, "actions": null, "score": null}, {"designers": [3, 2], "num_inputs": [2, 1], "num_outputs": [2, 1], "coupling": [[-0.7909920016374593, 0.5311959828560139, 0.3035827418401761], [-0.42505833895205875, -0.12021806236811812, -0.8971471595941058], [-0.44006483821464537, -0.8386766035118001, 0.3208808079163181]], "target": [-0.1005018298397704, -0.9012031267205654, -0.421583095709416], "inputs": [3, 3, 2], "outputs": [3, 3, 2], "time_start": null, "time_complete": null, "actions": null, "score": null}], "max_time": 360000}]}