{"name": "experiment002", "num_designers": 4, "error_tol": 0.05, "training": [{"name": "Training Task 1/5 (Individual)", "assignments": [[0], [1], [2], [3]], "tasks": [{"designers": [0], "num_inputs": [1], "num_outputs": [1], "coupling": [[1.0]], "target": [1.0], "inputs": [0], "outputs": [0], "time_start": null, "time_complete": null, "actions": null, "score": null}, {"designers": [1], "num_inputs": [1], "num_outputs": [1], "coupling": [[1.0]], "target": [-1.0], "inputs": [1], "outputs": [1], "time_start": null, "time_complete": null, "actions": null, "score": null}, {"designers": [2], "num_inputs": [1], "num_outputs": [1], "coupling": [[1.0]], "target": [-1.0], "inputs": [2], "outputs": [2], "time_start": null, "time_complete": null, "actions": null, "score": null}, {"designers": [3], "num_inputs": [1], "num_outputs": [1], "coupling": [[1.0]], "target": [-1.0], "inputs": [3], "outputs": [3], "time_start": null, "time_complete": null, "actions": null, "score": null}], "max_time": 90000}, {"name": "Training Task 2/5 (Individual)", "assignments": [[0], [1], [2], [3]], "tasks": [{"designers": [0], "num_inputs": [2], "num_outputs": [2], "coupling": [[-0.6397885981185288, -0.7685509415240652], [-0.7685509415240652, 0.6397885981185291]], "target": [-0.615829708472106, 0.7878792865427806], "inputs": [0, 0], "outputs": [0, 0], "time_start": null, "time_complete": null, "actions": null, "score": null}, {"designers": [1], "num_inputs": [2], "num_outputs": [2], "coupling": [[-0.6904414791217748, -0.7233882525367243], [-0.7233882525367241, 0.6904414791217751]], "target": [-0.9812505682627508, -0.19273640622370514], "inputs": [1, 1], "outputs": [1, 1], "time_start": null, "time_complete": null, "actions": null, "score": null}, {"designers": [2], "num_inputs": [2], "num_outputs": [2], "coupling": [[-0.8219782915174272, -0.5695188217031034], [-0.5695188217031034, 0.8219782915174273]], "target": [0.4868348705887411, 0.8734940233217648], "inputs": [2, 2], "outputs": [2, 2], "time_start": null, "time_complete": null, "actions": null, "score": null}, {"designers": [3], "num_inputs": [2], "num_outputs": [2], "coupling": [[-0.4220820834016771, -0.906557618064787], [-0.9065576180647872, 0.4220820834016768]], "target": [-0.6045660020630259, 0.7965550509221122], "inputs": [3, 3], "outputs": [3, 3], "time_start": null, "time_complete": null, "actions": null, "score": null}], "max_time": 120000}, {"name": "Training Task 3/5 (Pair)", "assignments": [[0, 1], [2, 3]], "tasks": [{"designers": [0, 1], "num_inputs": [1, 1], "num_outputs": [1, 1], "coupling": [[-1, 0], [0, 1]], "target": [-0.697176190461708, -0.7168998252568491], "inputs": [0, 1], "outputs": [0, 1], "time_start": null, "time_complete": null, "actions": null, "score": null}, {"designers": [2, 3], "num_inputs": [1, 1], "num_outputs": [1, 1], "coupling": [[-1, 0], [0, 1]], "target": [-0.9372248265934191, 0.348725715164419], "inputs": [2, 3], "outputs": [2, 3], "time_start": null, "time_complete": null, "actions": null, "score": null}], "max_time": 270000}, {"name": "Training Task 4/5 (Pair)", "assignments": [[0, 1], [2, 3]], "tasks": [{"designers": [0, 1], "num_inputs": [1, 1], "num_outputs": [1, 1], "coupling": [[-0.5101228669690975, -0.8601015408631871], [-0.8601015408631869, 0.5101228669690978]], "target": [0.20533310426344653, -0.9786921458219315], "inputs": [0, 1], "outputs": [0, 1], "time_start": null, "time_complete": null, "actions": null, "score": null}, {"designers": [2, 3], "num_inputs": [1, 1], "num_outputs": [1, 1], "coupling": [[-0.9173917460792869, -0.3979854070510599], [-0.3979854070510599, 0.9173917460792865]], "target": [0.914820532833369, -0.4038606104913809], "inputs": [2, 3], "outputs": [2, 3], "time_start": null, "time_complete": null, "actions": null, "score": null}], "max_time": 270000}, {"name": "Training Task 5/5 (Pair)", "assignments": [[0, 1], [2, 3]], "tasks": [{"designers": [0, 1], "num_inputs": [2, 1], "num_outputs": [2, 1], "coupling": [[-0.47755194242797483, -0.49725277217515096, -0.7243506214861667], [-0.7806035666367014, -0.13825044776317652, 0.6095448182433694], [-0.40323964839451154, 0.8565199905766405, -0.3221355176090678]], "target": [0.6737177199884432, -0.4056701885583508, -0.6176861111346165], "inputs": [0, 0, 1], "outputs": [0, 0, 1], "time_start": null, "time_complete": null, "actions": null, "score": null}, {"designers": [2, 3], "num_inputs": [2, 1], "num_outputs": [2, 1], "coupling": [[-0.6841373088210261, 0.5549189085423999, -0.4733087233732706], [-0.408396264461208, -0.8291293618476621, -0.3817813412101479], [-0.6042918449336001, -0.06789334477104567, 0.7938651396065616]], "target": [-0.4089024991183907, 0.06382347994168476, 0.9103435118804701], "inputs": [2, 2, 3], "outputs": [2, 2, 3], "time_start": null, "time_complete": null, "actions": null, "score": null}], "max_time": 540000}], "rounds": [{"name": "Better Behavior (Pair)", "assignments": [[0, 1], [2, 3]], "tasks": [{"designers": [0, 1], "num_inputs": [2, 1], "num_outputs": [2, 1], "coupling": [[-0.3625983736514099, 0.8789864111855041, -0.30968582204644207], [-0.4650165804187025, -0.4586228484019613, -0.7572480854114906], [-0.8076397707895822, -0.13056788224865928, 0.575039154113919]], "target": [-0.9208797476370274, -0.2758737397808787, 0.2754526639756397], "inputs": [0, 0, 1], "outputs": [0, 0, 1], "time_start": null, "time_complete": null, "actions": null, "score": null}, {"designers": [2, 3], "num_inputs": [2, 1], "num_outputs": [2, 1], "coupling": [[-0.4338972084561019, -0.5724415261182114, -0.695732643814745], [-0.5151581044102871, -0.47589113970997554, 0.7128392179208014], [-0.7391517705819297, 0.667711256697828, -0.08841005443163846]], "target": [-0.432393847220387, -0.7928736512327826, 0.4294029972726649], "inputs": [2, 2, 3], "outputs": [2, 2, 3], "time_start": null, "time_complete": null, "actions": null, "score": null}], "max_time": 360000}, {"name": "Statuesque Name (Pair)", "assignments": [[1, 0], [3, 2]], "tasks": [{"designers": [1, 0], "num_inputs": [2, 1], "num_outputs": [2, 1], "coupling": [[-0.4598053229250523, 0.8530972998908486, -0.24658479662933802], [-0.7460664412288966, -0.5217140399758203, -0.4137624025502529], [-0.48162633885807865, -0.00628151343646316, 0.8763541591771622]], "target": [0.5238160222311086, 0.4067142464117976, 0.7484652941985102], "inputs": [1, 1, 0], "outputs": [1, 1, 0], "time_start": null, "time_complete": null, "actions": null, "score": null}, {"designers": [3, 2], "num_inputs": [2, 1], "num_outputs": [2, 1], "coupling": [[-0.6325058261079088, 0.41627548552271126, -0.6531853489572331], [-0.4936567148723374, -0.8664869529413848, -0.07418495968729727], [-0.5968579628362207, 0.2755269143571732, 0.7535552346469443]], "target": [0.6575538397875622, 0.6988132228827735, 0.2815724192900009], "inputs": [3, 3, 2], "outputs": [3, 3, 2], "time_start": null, "time_complete": null, "actions": null, "score": null}], "max_time": 360000}, {"name": "Absorbed Copper (Pair)", "assignments": [[1, 0], [3, 2]], "tasks": [{"designers": [1, 0], "num_inputs": [2, 1], "num_outputs": [2, 1], "coupling": [[-0.6822324529757826, 0.6971019031279914, 0.22047180491386947], [-0.21399268359667867, 0.0979573780818776, -0.9719112528654125], [-0.6991180239943313, -0.7102487513080589, 0.08234500465483523]], "target": [0.15810541907245312, 0.7303052922327742, 0.6645726872184309], "inputs": [1, 1, 0], "outputs": [1, 1, 0], "time_start": null, "time_complete": null, "actions": null, "score": null}, {"designers": [3, 2], "num_inputs": [2, 1], "num_outputs": [2, 1], "coupling": [[-0.6704130771793115, -0.5031907979410174, -0.5452937986209351], [-0.5741922724688923, -0.11362808578674358, 0.8107970722427713], [-0.4699463162787597, 0.8566724455636022, -0.21275051310890233]], "target": [-0.17265274705128064, 0.3873969698732737, 0.9056017980705717], "inputs": [3, 3, 2], "outputs": [3, 3, 2], "time_start": null, "time_complete": null, "actions": null, "score": null}], "max_time": 360000}, {"name": "Thinkable Ink (Pair)", "assignments": [[0, 1], [2, 3]], "tasks": [{"designers": [0, 1], "num_inputs": [1, 1], "num_outputs": [1, 1], "coupling": [[-0.8800004926903298, -0.47497277065614685], [-0.47497277065614696, 0.88000049269033]], "target": [-0.6561475535226371, 0.7546326179050692], "inputs": [0, 1], "outputs": [0, 1], "time_start": null, "time_complete": null, "actions": null, "score": null}, {"designers": [2, 3], "num_inputs": [1, 1], "num_outputs": [1, 1], "coupling": [[-0.7136282985349374, -0.7005245545518946], [-0.7005245545518943, 0.7136282985349375]], "target": [0.9628699791079427, 0.2699655595306011], "inputs": [2, 3], "outputs": [2, 3], "time_start": null, "time_complete": null, "actions": null, "score": null}], "max_time": 180000}, {"name": "Towering Test (Pair)", "assignments": [[0, 1], [2, 3]], "tasks": [{"designers": [0, 1], "num_inputs": [1, 1], "num_outputs": [1, 1], "coupling": [[-0.9955068954124077, -0.0946890763834447], [-0.09468907638344472, 0.9955068954124076]], "target": [-0.7086722225142039, -0.7055378664797364], "inputs": [0, 1], "outputs": [0, 1], "time_start": null, "time_complete": null, "actions": null, "score": null}, {"designers": [2, 3], "num_inputs": [1, 1], "num_outputs": [1, 1], "coupling": [[-0.7634370496175125, -0.6458822425731398], [-0.6458822425731399, 0.7634370496175122]], "target": [-0.9321667764117627, 0.3620291437910802], "inputs": [2, 3], "outputs": [2, 3], "time_start": null, "time_complete": null, "actions": null, "score": null}], "max_time": 180000}, {"name": "Chemical Rhythm (Pair)", "assignments": [[0, 1], [2, 3]], "tasks": [{"designers": [0, 1], "num_inputs": [2, 2], "num_outputs": [2, 2], "coupling": [[-0.512706158159867, 0.7109036346285549, 0.19502185934766184, -0.44013053976455646], [-0.5240680855243187, -0.49602689148947565, -0.5419334911816704, -0.4308341395360974], [-0.440757871854035, 0.26156684936957736, -0.41207636915849377, 0.7533314992025272], [-0.5178972248608079, -0.4244480280341405, 0.7060224015520895, 0.2305617151350655]], "target": [0.65024116423155, -0.2648200296029193, -0.4732837109246666, 0.532033184334665], "inputs": [0, 0, 1, 1], "outputs": [0, 0, 1, 1], "time_start": null, "time_complete": null, "actions": null, "score": null}, {"designers": [2, 3], "num_inputs": [2, 2], "num_outputs": [2, 2], "coupling": [[-0.706125284362551, -0.1785943598971082, 0.3681125793803741, -0.5779137187321096], [-0.3347210112442143, -0.4207858367164656, -0.8431472520135547, 0.0019584872900872408], [-0.20462849311090595, 0.8769285977985187, -0.35698638938018196, -0.24836290376701697], [-0.5894710401900303, 0.14845729552598488, 0.161729892478848, 0.7773852108582813]], "target": [-0.08113500738901713, -0.8355329894641487, 0.016059744413061572, -0.5431793614474638], "inputs": [2, 2, 3, 3], "outputs": [2, 2, 3, 3], "time_start": null, "time_complete": null, "actions": null, "score": null}], "max_time": 720000}, {"name": "Staking System (Pair)", "assignments": [[0, 1], [2, 3]], "tasks": [{"designers": [0, 1], "num_inputs": [1, 1], "num_outputs": [1, 1], "coupling": [[-0.9395677702825186, -0.34236297265670673], [-0.3423629726567069, 0.9395677702825183]], "target": [0.8350519157602048, -0.550171153356128], "inputs": [0, 1], "outputs": [0, 1], "time_start": null, "time_complete": null, "actions": null, "score": null}, {"designers": [2, 3], "num_inputs": [1, 1], "num_outputs": [1, 1], "coupling": [[-0.9448145192395426, -0.3276057451177439], [-0.3276057451177439, 0.9448145192395425]], "target": [0.7093063545324725, 0.7049003443181556], "inputs": [2, 3], "outputs": [2, 3], "time_start": null, "time_complete": null, "actions": null, "score": null}], "max_time": 180000}, {"name": "Hallowed Sign (Pair)", "assignments": [[1, 0], [3, 2]], "tasks": [{"designers": [1, 0], "num_inputs": [2, 1], "num_outputs": [2, 1], "coupling": [[-0.706874162116794, -0.23241929381171245, -0.6680645109536544], [-0.23129752992443706, -0.8166029240507588, 0.5288299510075098], [-0.6684537168589423, 0.5283378997344561, 0.5234774991550728]], "target": [0.9182166889831396, 0.31276821377657793, -0.24301060989975168], "inputs": [1, 1, 0], "outputs": [1, 1, 0], "time_start": null, "time_complete": null, "actions": null, "score": null}, {"designers": [3, 2], "num_inputs": [2, 1], "num_outputs": [2, 1], "coupling": [[-0.48731494137998554, -0.5019609519830898, -0.7145343592802601], [-0.736294053646904, -0.20371823030165143, 0.6452673470794666], [-0.46946268698591104, 0.8405558192809052, -0.270315926650604]], "target": [-0.6064035610152143, 0.009409047209114951, -0.7951013715361606], "inputs": [3, 3, 2], "outputs": [3, 3, 2], "time_start": null, "time_complete": null, "actions": null, "score": null}], "max_time": 360000}, {"name": "Breezy Rain (Pair)", "assignments": [[0, 1], [2, 3]], "tasks": [{"designers": [0, 1], "num_inputs": [1, 1], "num_outputs": [1, 1], "coupling": [[-0.042211393044217504, -0.99910870194252], [-0.99910870194252, 0.04221139304421739]], "target": [-0.7676883335953091, -0.6408233941279435], "inputs": [0, 1], "outputs": [0, 1], "time_start": null, "time_complete": null, "actions": null, "score": null}, {"designers": [2, 3], "num_inputs": [1, 1], "num_outputs": [1, 1], "coupling": [[-0.5080985321400906, -0.8612989502124593], [-0.8612989502124594, 0.5080985321400908]], "target": [-0.05186830138334653, 0.9986539337085728], "inputs": [2, 3], "outputs": [2, 3], "time_start": null, "time_complete": null, "actions": null, "score": null}], "max_time": 180000}, {"name": "Chief Government (Pair)", "assignments": [[0, 1], [2, 3]], "tasks": [{"designers": [0, 1], "num_inputs": [2, 2], "num_outputs": [2, 2], "coupling": [[-0.46826840237446954, 0.009168478424539162, 0.8399928794340957, -0.273957304777693], [-0.6274841608574717, -0.27262748427910977, -0.11176672361314999, 0.7207260798537961], [-0.506361552227721, -0.318509976099472, -0.4864830398844259, -0.6367759617443605], [-0.3613672780374432, 0.9078224435120213, -0.21273084848607776, -0.004205653583711395]], "target": [-0.0009277626065311573, 0.5100006766421774, -0.6510514643289277, -0.5621658473050689], "inputs": [0, 0, 1, 1], "outputs": [0, 0, 1, 1], "time_start": null, "time_complete": null, "actions": null, "score": null}, {"designers": [2, 3], "num_inputs": [2, 2], "num_outputs": [2, 2], "coupling": [[-0.5685672647966407, -0.06990648596813416, -0.5751146669150602, -0.5840269416049513], [-0.2972223843516464, -0.5334720850945781, 0.7115591804026664, -0.3474908940531408], [-0.5162815312842476, -0.41936760955910357, -0.17563421662470552, 0.7257663607925774], [-0.5673125241846696, 0.7311986226034031, 0.36342712424156076, 0.10689153180497596]], "target": [0.0576413202887196, 0.5497257853076433, 0.6744800083825867, 0.489444335400354], "inputs": [2, 2, 3, 3], "outputs": [2, 2, 3, 3], "time_start": null, "time_complete": null, "actions": null, "score": null}], "max_time": 720000}]}