{"name": "experiment010", "num_designers": 4, "error_tol": 0.05, "training": [{"name": "Training Task 1/5 (Individual)", "assignments": [[0], [1], [2], [3]], "tasks": [{"designers": [0], "num_inputs": [1], "num_outputs": [1], "coupling": [[1.0]], "target": [1.0], "inputs": [0], "outputs": [0], "time_start": null, "time_complete": null, "actions": null, "score": null}, {"designers": [1], "num_inputs": [1], "num_outputs": [1], "coupling": [[1.0]], "target": [-1.0], "inputs": [1], "outputs": [1], "time_start": null, "time_complete": null, "actions": null, "score": null}, {"designers": [2], "num_inputs": [1], "num_outputs": [1], "coupling": [[1.0]], "target": [-1.0], "inputs": [2], "outputs": [2], "time_start": null, "time_complete": null, "actions": null, "score": null}, {"designers": [3], "num_inputs": [1], "num_outputs": [1], "coupling": [[1.0]], "target": [-1.0], "inputs": [3], "outputs": [3], "time_start": null, "time_complete": null, "actions": null, "score": null}], "max_time": 90000}, {"name": "Training Task 2/5 (Individual)", "assignments": [[0], [1], [2], [3]], "tasks": [{"designers": [0], "num_inputs": [2], "num_outputs": [2], "coupling": [[-0.3691865321031551, -0.9293553166112761], [-0.9293553166112762, 0.36918653210315533]], "target": [0.6990878670943876, -0.7150357711900994], "inputs": [0, 0], "outputs": [0, 0], "time_start": null, "time_complete": null, "actions": null, "score": null}, {"designers": [1], "num_inputs": [2], "num_outputs": [2], "coupling": [[-0.6283821371327163, -0.7779048076291343], [-0.7779048076291344, 0.6283821371327163]], "target": [0.22998584507768505, 0.9731939740174633], "inputs": [1, 1], "outputs": [1, 1], "time_start": null, "time_complete": null, "actions": null, "score": null}, {"designers": [2], "num_inputs": [2], "num_outputs": [2], "coupling": [[-0.6314471809120243, -0.7754188917728643], [-0.7754188917728643, 0.6314471809120245]], "target": [0.8232740679609261, 0.5676440865745619], "inputs": [2, 2], "outputs": [2, 2], "time_start": null, "time_complete": null, "actions": null, "score": null}, {"designers": [3], "num_inputs": [2], "num_outputs": [2], "coupling": [[-0.6613749959262206, -0.7500554077957113], [-0.7500554077957114, 0.6613749959262208]], "target": [0.3828560341606122, 0.923808019615985], "inputs": [3, 3], "outputs": [3, 3], "time_start": null, "time_complete": null, "actions": null, "score": null}], "max_time": 120000}, {"name": "Training Task 3/5 (Pair)", "assignments": [[0, 1], [2, 3]], "tasks": [{"designers": [0, 1], "num_inputs": [1, 1], "num_outputs": [1, 1], "coupling": [[-1, 0], [0, -1]], "target": [-0.7744395734721343, -0.6326478855100195], "inputs": [0, 1], "outputs": [0, 1], "time_start": null, "time_complete": null, "actions": null, "score": null}, {"designers": [2, 3], "num_inputs": [1, 1], "num_outputs": [1, 1], "coupling": [[-1, 0], [0, -1]], "target": [0.8439079907137115, 0.5364879338899863], "inputs": [2, 3], "outputs": [2, 3], "time_start": null, "time_complete": null, "actions": null, "score": null}], "max_time": 270000}, {"name": "Training Task 4/5 (Pair)", "assignments": [[0, 1], [2, 3]], "tasks": [{"designers": [0, 1], "num_inputs": [1, 1], "num_outputs": [1, 1], "coupling": [[-0.5891435058677927, -0.8080284212166094], [-0.8080284212166093, 0.5891435058677925]], "target": [-0.32341388133502846, -0.9462576083497624], "inputs": [0, 1], "outputs": [0, 1], "time_start": null, "time_complete": null, "actions": null, "score": null}, {"designers": [2, 3], "num_inputs": [1, 1], "num_outputs": [1, 1], "coupling": [[-0.6636858052752423, -0.7480114650699901], [-0.7480114650699901, 0.6636858052752426]], "target": [-0.08538597195249942, -0.9963479491591913], "inputs": [2, 3], "outputs": [2, 3], "time_start": null, "time_complete": null, "actions": null, "score": null}], "max_time": 270000}, {"name": "Training Task 5/5 (Pair)", "assignments": [[0, 1], [2, 3]], "tasks": [{"designers": [0, 1], "num_inputs": [2, 1], "num_outputs": [2, 1], "coupling": [[-0.5207254613115745, 0.8255748541487855, 0.21741930489048034], [-0.2856180075207799, 0.0715291026784192, -0.9556704145519417], [-0.8045292708918105, -0.5597407861387549, 0.19855201991181182]], "target": [-0.591205859145483, -0.5862738686566823, -0.5538579087115925], "inputs": [0, 0, 1], "outputs": [0, 0, 1], "time_start": null, "time_complete": null, "actions": null, "score": null}, {"designers": [2, 3], "num_inputs": [2, 1], "num_outputs": [2, 1], "coupling": [[-0.551718697761669, 0.77825273814174, 0.2998819002791797], [-0.5427168821700189, -0.06198284474873739, -0.8376255206024396], [-0.6332968216782883, -0.6248846313774545, 0.45656799397290265]], "target": [-0.58742736323584, -0.7711836606933712, 0.24536677525973252], "inputs": [2, 2, 3], "outputs": [2, 2, 3], "time_start": null, "time_complete": null, "actions": null, "score": null}], "max_time": 540000}], "rounds": [{"name": "Staking System (Pair)", "assignments": [[0, 1], [2, 3]], "tasks": [{"designers": [0, 1], "num_inputs": [1, 1], "num_outputs": [1, 1], "coupling": [[-0.6745704518373019, -0.7382104750733479], [-0.7382104750733478, 0.6745704518373022]], "target": [-0.46884834885707805, -0.8832786795649443], "inputs": [0, 1], "outputs": [0, 1], "time_start": null, "time_complete": null, "actions": null, "score": null}, {"designers": [2, 3], "num_inputs": [1, 1], "num_outputs": [1, 1], "coupling": [[-0.8666270949102293, -0.4989563892440457], [-0.49895638924404573, 0.8666270949102296]], "target": [-0.8194180132234783, 0.5731964057850394], "inputs": [2, 3], "outputs": [2, 3], "time_start": null, "time_complete": null, "actions": null, "score": null}], "max_time": 180000}, {"name": "Better Behavior (Pair)", "assignments": [[0, 1], [2, 3]], "tasks": [{"designers": [0, 1], "num_inputs": [2, 1], "num_outputs": [2, 1], "coupling": [[-0.7024011842670456, 0.14835020060478116, -0.6961499797606637], [-0.4824826766776852, -0.8182867723276241, 0.31243755366404785], [-0.5233001462317661, 0.5553368133071673, 0.6463419998264481]], "target": [0.850984024646769, 0.5142825331636701, -0.10648786728423898], "inputs": [0, 0, 1], "outputs": [0, 0, 1], "time_start": null, "time_complete": null, "actions": null, "score": null}, {"designers": [2, 3], "num_inputs": [2, 1], "num_outputs": [2, 1], "coupling": [[-0.6132177458762507, 0.45294301802447223, -0.6471527011187796], [-0.37270773542911423, -0.8882481738625453, -0.26852211376561785], [-0.6964574215942791, 0.07653629238953641, 0.7135049094810153]], "target": [-0.29870822738993685, 0.13398817129695467, -0.944891827058558], "inputs": [2, 2, 3], "outputs": [2, 2, 3], "time_start": null, "time_complete": null, "actions": null, "score": null}], "max_time": 360000}, {"name": "Hallowed Sign (Pair)", "assignments": [[1, 0], [3, 2]], "tasks": [{"designers": [1, 0], "num_inputs": [2, 1], "num_outputs": [2, 1], "coupling": [[-0.5720856386701494, 0.4566600393288884, -0.6813072952108365], [-0.4364368107255452, -0.8727915894445053, -0.2185354699783289], [-0.6944356934022635, 0.17232657913123145, 0.6986147850237963]], "target": [-0.5773155767499267, 0.16448702702598553, -0.7997816844502329], "inputs": [1, 1, 0], "outputs": [1, 1, 0], "time_start": null, "time_complete": null, "actions": null, "score": null}, {"designers": [3, 2], "num_inputs": [2, 1], "num_outputs": [2, 1], "coupling": [[-0.5905976470188706, 0.7881935441040574, -0.17304726628426936], [-0.3229023554955261, -0.4273519113605629, -0.8444550980791785], [-0.7395461365940696, -0.4428558240434002, 0.5069025852761325]], "target": [0.47841411101155606, -0.7959721337869186, 0.37087504717859204], "inputs": [3, 3, 2], "outputs": [3, 3, 2], "time_start": null, "time_complete": null, "actions": null, "score": null}], "max_time": 360000}, {"name": "Thinkable Ink (Pair)", "assignments": [[0, 1], [2, 3]], "tasks": [{"designers": [0, 1], "num_inputs": [1, 1], "num_outputs": [1, 1], "coupling": [[-0.7615348357065458, -0.6481239804276687], [-0.6481239804276688, 0.7615348357065457]], "target": [0.9660585784494369, 0.2583230980850406], "inputs": [0, 1], "outputs": [0, 1], "time_start": null, "time_complete": null, "actions": null, "score": null}, {"designers": [2, 3], "num_inputs": [1, 1], "num_outputs": [1, 1], "coupling": [[-0.5395034393870641, -0.8419833958514436], [-0.8419833958514433, 0.5395034393870641]], "target": [-0.19808586272463158, -0.9801846718800691], "inputs": [2, 3], "outputs": [2, 3], "time_start": null, "time_complete": null, "actions": null, "score": null}], "max_time": 180000}, {"name": "Absorbed Copper (Pair)", "assignments": [[1, 0], [3, 2]], "tasks": [{"designers": [1, 0], "num_inputs": [2, 1], "num_outputs": [2, 1], "coupling": [[-0.505489319128858, -0.6472255171017065, -0.5705958975133558], [-0.46204374543989024, -0.35544979221610346, 0.8125090907266246], [-0.7286948096058606, 0.6743549326771158, -0.11937042861412994]], "target": [0.5055430066079774, 0.6965301695134455, -0.5091875798046699], "inputs": [1, 1, 0], "outputs": [1, 1, 0], "time_start": null, "time_complete": null, "actions": null, "score": null}, {"designers": [3, 2], "num_inputs": [2, 1], "num_outputs": [2, 1], "coupling": [[-0.6114249246985441, 0.47574846657367464, -0.6323155525607267], [-0.35146375836114274, -0.8792097264238224, -0.32165740084818056], [-0.7089659991960409, 0.025566648480867538, 0.704779084869447]], "target": [-0.18852517421535508, -0.6292121288567712, -0.754022781875057], "inputs": [3, 3, 2], "outputs": [3, 3, 2], "time_start": null, "time_complete": null, "actions": null, "score": null}], "max_time": 360000}, {"name": "Towering Test (Pair)", "assignments": [[0, 1], [2, 3]], "tasks": [{"designers": [0, 1], "num_inputs": [1, 1], "num_outputs": [1, 1], "coupling": [[0.5866293844767972, 0.8098555212310242], [0.8098555212310242, -0.5866293844767974]], "target": [0.047591665403841965, -0.9988668747055781], "inputs": [0, 1], "outputs": [0, 1], "time_start": null, "time_complete": null, "actions": null, "score": null}, {"designers": [2, 3], "num_inputs": [1, 1], "num_outputs": [1, 1], "coupling": [[-0.8756529502801944, -0.48294089769410875], [-0.48294089769410886, 0.8756529502801943]], "target": [0.9997194508863243, -0.023685850619001927], "inputs": [2, 3], "outputs": [2, 3], "time_start": null, "time_complete": null, "actions": null, "score": null}], "max_time": 180000}, {"name": "Chemical Rhythm (Pair)", "assignments": [[0, 1], [2, 3]], "tasks": [{"designers": [0, 1], "num_inputs": [2, 2], "num_outputs": [2, 2], "coupling": [[-0.4561455619667836, 0.38628430818927106, 0.17880894547486875, -0.781500493002345], [-0.3999398696203238, -0.13260088943351428, -0.9060419005665001, -0.03941039491509507], [-0.634519314750752, 0.4182598507204802, 0.19186125508999471, 0.6209937159736882], [-0.47892020858836354, -0.811332320719111, 0.3321215052225645, -0.04550390017260009]], "target": [-0.4331409855327697, 0.46564725966764586, 0.24651283289909803, 0.7312953845278766], "inputs": [0, 0, 1, 1], "outputs": [0, 0, 1, 1], "time_start": null, "time_complete": null, "actions": null, "score": null}, {"designers": [2, 3], "num_inputs": [2, 2], "num_outputs": [2, 2], "coupling": [[-0.30216496713761964, 0.7344420616042017, 0.5046729788551363, 0.33852086375107665], [-0.6194683909097978, 0.3234712114699346, -0.49583357182137633, -0.5155330804794733], [-0.29083378483356587, -0.11725237147691703, -0.5313708359407766, 0.7869641832345499], [-0.6636045169359011, -0.5849898416893938, 0.4659391464343165, -0.017794438528592475]], "target": [0.9335177028023873, -0.192464698357982, 0.104581289511737, 0.28383937768496165], "inputs": [2, 2, 3, 3], "outputs": [2, 2, 3, 3], "time_start": null, "time_complete": null, "actions": null, "score": null}], "max_time": 720000}, {"name": "Statuesque Name (Pair)", "assignments": [[1, 0], [3, 2]], "tasks": [{"designers": [1, 0], "num_inputs": [2, 1], "num_outputs": [2, 1], "coupling": [[-0.35059748255439105, 0.9362433734197365, -0.023016319300787652], [-0.6620599886262131, -0.26515592559696377, -0.7009771084572424], [-0.6623880861600564, -0.23052262545886884, 0.7128122771563127]], "target": [-0.21955342136745126, 0.533838398093209, 0.8165861007187932], "inputs": [1, 1, 0], "outputs": [1, 1, 0], "time_start": null, "time_complete": null, "actions": null, "score": null}, {"designers": [3, 2], "num_inputs": [2, 1], "num_outputs": [2, 1], "coupling": [[-0.09499065867148648, -0.9748699857730021, 0.20150753237560073], [-0.14183914915360543, 0.2136119778201218, 0.9665669033745965], [-0.9853214858778523, 0.06323316986141414, -0.15856587179068232]], "target": [-0.28540484529044874, 0.7213005325893213, -0.6310860606693008], "inputs": [3, 3, 2], "outputs": [3, 3, 2], "time_start": null, "time_complete": null, "actions": null, "score": null}], "max_time": 360000}, {"name": "Breezy Rain (Pair)", "assignments": [[0, 1], [2, 3]], "tasks": [{"designers": [0, 1], "num_inputs": [1, 1], "num_outputs": [1, 1], "coupling": [[-0.6892119175767697, -0.72455981993908], [-0.7245598199390799, 0.6892119175767697]], "target": [0.925355427056459, -0.3791006906049611], "inputs": [0, 1], "outputs": [0, 1], "time_start": null, "time_complete": null, "actions": null, "score": null}, {"designers": [2, 3], "num_inputs": [1, 1], "num_outputs": [1, 1], "coupling": [[-0.6190127005318831, -0.7853809754381791], [-0.785380975438179, 0.6190127005318827]], "target": [0.8762341496298092, 0.48188558291624023], "inputs": [2, 3], "outputs": [2, 3], "time_start": null, "time_complete": null, "actions": null, "score": null}], "max_time": 180000}, {"name": "Chief Government (Pair)", "assignments": [[0, 1], [2, 3]], "tasks": [{"designers": [0, 1], "num_inputs": [2, 2], "num_outputs": [2, 2], "coupling": [[-0.5438979096299252, -0.6971983508746026, -0.32299747217736546, 0.3372864604530776], [-0.4776000407741438, 0.057325756781783706, 0.8597375474613103, 0.1716487930255933], [-0.6143445636176903, 0.6819037226896782, -0.39487899298355744, 0.04072653969637796], [-0.31409237829995945, -0.21362474137863738, 0.024383669792193613, -0.9247247614356667]], "target": [0.6010931423211503, -0.5168176715343087, 0.47801859989209283, 0.37826544489490976], "inputs": [0, 0, 1, 1], "outputs": [0, 0, 1, 1], "time_start": null, "time_complete": null, "actions": null, "score": null}, {"designers": [2, 3], "num_inputs": [2, 2], "num_outputs": [2, 2], "coupling": [[-0.47049997665590826, 0.202210856344724, 0.08618566898974536, -0.8545832738849466], [-0.40635630157845526, -0.8897513399606342, 0.20510841753157477, 0.03387692818760124], [-0.679547107134094, 0.1819550858823331, -0.6156407308280258, 0.35509796740163196], [-0.3895125894242101, 0.36653194858857974, 0.7559689531085363, 0.37741915065333975]], "target": [-0.7822951599144119, 0.009698375945507817, -0.2833003263918063, -0.5546721097592708], "inputs": [2, 2, 3, 3], "outputs": [2, 2, 3, 3], "time_start": null, "time_complete": null, "actions": null, "score": null}], "max_time": 720000}]}