{"name": "experiment008", "num_designers": 4, "error_tol": 0.05, "training": [{"name": "Training Task 1/5 (Individual)", "assignments": [[0], [1], [2], [3]], "tasks": [{"designers": [0], "num_inputs": [1], "num_outputs": [1], "coupling": [[1.0]], "target": [1.0], "inputs": [0], "outputs": [0], "time_start": null, "time_complete": null, "actions": null, "score": null}, {"designers": [1], "num_inputs": [1], "num_outputs": [1], "coupling": [[1.0]], "target": [1.0], "inputs": [1], "outputs": [1], "time_start": null, "time_complete": null, "actions": null, "score": null}, {"designers": [2], "num_inputs": [1], "num_outputs": [1], "coupling": [[1.0]], "target": [1.0], "inputs": [2], "outputs": [2], "time_start": null, "time_complete": null, "actions": null, "score": null}, {"designers": [3], "num_inputs": [1], "num_outputs": [1], "coupling": [[1.0]], "target": [-1.0], "inputs": [3], "outputs": [3], "time_start": null, "time_complete": null, "actions": null, "score": null}], "max_time": 90000}, {"name": "Training Task 2/5 (Individual)", "assignments": [[0], [1], [2], [3]], "tasks": [{"designers": [0], "num_inputs": [2], "num_outputs": [2], "coupling": [[-0.4701376296472448, -0.8825931164413585], [-0.8825931164413585, 0.4701376296472448]], "target": [-0.26451892071421224, -0.964380495750608], "inputs": [0, 0], "outputs": [0, 0], "time_start": null, "time_complete": null, "actions": null, "score": null}, {"designers": [1], "num_inputs": [2], "num_outputs": [2], "coupling": [[-0.8867505418672601, -0.46224828447288013], [-0.46224828447288013, 0.88675054186726]], "target": [0.6720720116525511, -0.7404857940253097], "inputs": [1, 1], "outputs": [1, 1], "time_start": null, "time_complete": null, "actions": null, "score": null}, {"designers": [2], "num_inputs": [2], "num_outputs": [2], "coupling": [[-0.8853558577785202, -0.4649139760184252], [-0.4649139760184253, 0.8853558577785201]], "target": [0.7445460996700675, -0.667571049002344], "inputs": [2, 2], "outputs": [2, 2], "time_start": null, "time_complete": null, "actions": null, "score": null}, {"designers": [3], "num_inputs": [2], "num_outputs": [2], "coupling": [[-0.7486104115221813, -0.6630101445382194], [-0.6630101445382194, 0.7486104115221812]], "target": [-0.9995109500188122, -0.0312707657803784], "inputs": [3, 3], "outputs": [3, 3], "time_start": null, "time_complete": null, "actions": null, "score": null}], "max_time": 120000}, {"name": "Training Task 3/5 (Pair)", "assignments": [[0, 1], [2, 3]], "tasks": [{"designers": [0, 1], "num_inputs": [1, 1], "num_outputs": [1, 1], "coupling": [[-1, 0], [0, -1]], "target": [0.7827713204920648, 0.6223094566332004], "inputs": [0, 1], "outputs": [0, 1], "time_start": null, "time_complete": null, "actions": null, "score": null}, {"designers": [2, 3], "num_inputs": [1, 1], "num_outputs": [1, 1], "coupling": [[1, 0], [0, -1]], "target": [0.3084762254561553, -0.9512320528285004], "inputs": [2, 3], "outputs": [2, 3], "time_start": null, "time_complete": null, "actions": null, "score": null}], "max_time": 270000}, {"name": "Training Task 4/5 (Pair)", "assignments": [[0, 1], [2, 3]], "tasks": [{"designers": [0, 1], "num_inputs": [1, 1], "num_outputs": [1, 1], "coupling": [[-0.6044107267427552, -0.7966728772829501], [-0.7966728772829502, 0.6044107267427551]], "target": [-0.18335209766797833, 0.9830473072445456], "inputs": [0, 1], "outputs": [0, 1], "time_start": null, "time_complete": null, "actions": null, "score": null}, {"designers": [2, 3], "num_inputs": [1, 1], "num_outputs": [1, 1], "coupling": [[-0.7953260854056389, -0.6061818356511042], [-0.6061818356511042, 0.795326085405639]], "target": [0.9857810579195161, 0.16803483521901008], "inputs": [2, 3], "outputs": [2, 3], "time_start": null, "time_complete": null, "actions": null, "score": null}], "max_time": 270000}, {"name": "Training Task 5/5 (Pair)", "assignments": [[0, 1], [2, 3]], "tasks": [{"designers": [0, 1], "num_inputs": [2, 1], "num_outputs": [2, 1], "coupling": [[-0.2244847667335741, 0.07550771796804902, -0.9715478238521404], [-0.6685534929209039, -0.7372879009392952, 0.09717395860922046], [-0.7089730718495811, 0.6713457646070206, 0.21599085104787008]], "target": [-0.5629966074727679, 0.2727241802790422, -0.7801643041470679], "inputs": [0, 0, 1], "outputs": [0, 0, 1], "time_start": null, "time_complete": null, "actions": null, "score": null}, {"designers": [2, 3], "num_inputs": [2, 1], "num_outputs": [2, 1], "coupling": [[-0.7913601688732061, -0.10023775759251509, 0.6030766742909188], [-0.43706421757815883, 0.7825096176127094, -0.44345638799819265], [-0.4274622238675161, -0.61451695688275, -0.6630572802328634]], "target": [-0.03582633906467425, -0.9177854812097199, -0.3954570569731511], "inputs": [2, 2, 3], "outputs": [2, 2, 3], "time_start": null, "time_complete": null, "actions": null, "score": null}], "max_time": 540000}], "rounds": [{"name": "Better Behavior (Pair)", "assignments": [[0, 1], [2, 3]], "tasks": [{"designers": [0, 1], "num_inputs": [2, 1], "num_outputs": [2, 1], "coupling": [[-0.739261694284727, 0.08079883600972504, -0.6685534350093105], [-0.6453356978896694, -0.3687047863886187, 0.6690281141502024], [-0.19244215856336744, 0.9260282547490635, 0.3247116983015475]], "target": [-0.7127541838233933, 0.261933307079094, -0.6506707432218368], "inputs": [0, 0, 1], "outputs": [0, 0, 1], "time_start": null, "time_complete": null, "actions": null, "score": null}, {"designers": [2, 3], "num_inputs": [2, 1], "num_outputs": [2, 1], "coupling": [[-0.4636162536253554, -0.3972472718148493, -0.7919940494789401], [-0.6548533719690337, -0.4484946459703571, 0.6082923752248671], [-0.5968475773555398, 0.8006542059913154, -0.052209307917646164]], "target": [-0.4678055314972551, 0.0037788940763608557, 0.8838233447132579], "inputs": [2, 2, 3], "outputs": [2, 2, 3], "time_start": null, "time_complete": null, "actions": null, "score": null}], "max_time": 360000}, {"name": "Thinkable Ink (Pair)", "assignments": [[0, 1], [2, 3]], "tasks": [{"designers": [0, 1], "num_inputs": [1, 1], "num_outputs": [1, 1], "coupling": [[-0.6438989042881847, -0.765110580933551], [-0.765110580933551, 0.6438989042881843]], "target": [-0.9871622379733651, -0.1597207435476596], "inputs": [0, 1], "outputs": [0, 1], "time_start": null, "time_complete": null, "actions": null, "score": null}, {"designers": [2, 3], "num_inputs": [1, 1], "num_outputs": [1, 1], "coupling": [[-0.43816040962928104, -0.8988967991007091], [-0.8988967991007089, 0.43816040962928127]], "target": [-0.8096347374221167, -0.5869340609978435], "inputs": [2, 3], "outputs": [2, 3], "time_start": null, "time_complete": null, "actions": null, "score": null}], "max_time": 180000}, {"name": "Absorbed Copper (Pair)", "assignments": [[1, 0], [3, 2]], "tasks": [{"designers": [1, 0], "num_inputs": [2, 1], "num_outputs": [2, 1], "coupling": [[-0.5972276423881917, 0.5851299998740627, -0.5485818320130753], [-0.5468865878878161, -0.7973861124226324, -0.25512829655673874], [-0.5867147545067058, 0.14764237522778145, 0.7962207770971786]], "target": [0.418989510992718, -0.5428961224656212, 0.7278128810964232], "inputs": [1, 1, 0], "outputs": [1, 1, 0], "time_start": null, "time_complete": null, "actions": null, "score": null}, {"designers": [3, 2], "num_inputs": [2, 1], "num_outputs": [2, 1], "coupling": [[-0.7077293918981761, 0.705831081515045, -0.030357737246698574], [-0.3970984154142889, -0.43297119833938125, -0.8092272794981775], [-0.5843217917542511, -0.5606589210704332, 0.586710846929933]], "target": [0.9005334532927491, 0.22450480645893156, -0.3723400211869173], "inputs": [3, 3, 2], "outputs": [3, 3, 2], "time_start": null, "time_complete": null, "actions": null, "score": null}], "max_time": 360000}, {"name": "Staking System (Pair)", "assignments": [[0, 1], [2, 3]], "tasks": [{"designers": [0, 1], "num_inputs": [1, 1], "num_outputs": [1, 1], "coupling": [[-0.7031006202189298, -0.7110903724898516], [-0.7110903724898516, 0.7031006202189299]], "target": [-0.1854470257345342, 0.9826542630275487], "inputs": [0, 1], "outputs": [0, 1], "time_start": null, "time_complete": null, "actions": null, "score": null}, {"designers": [2, 3], "num_inputs": [1, 1], "num_outputs": [1, 1], "coupling": [[-0.7272067508093325, -0.6864184886622251], [-0.6864184886622251, 0.7272067508093325]], "target": [0.9113581691999191, 0.411614245905765], "inputs": [2, 3], "outputs": [2, 3], "time_start": null, "time_complete": null, "actions": null, "score": null}], "max_time": 180000}, {"name": "Statuesque Name (Pair)", "assignments": [[1, 0], [3, 2]], "tasks": [{"designers": [1, 0], "num_inputs": [2, 1], "num_outputs": [2, 1], "coupling": [[-0.5002970582759185, 0.8013883001353704, 0.3278408850137568], [-0.5020539326175362, 0.0399922107407662, -0.8639111481068712], [-0.7054393682122713, -0.5968060116036092, 0.3823321622490893]], "target": [0.846184857024616, -0.278375902590673, 0.4543985525934897], "inputs": [1, 1, 0], "outputs": [1, 1, 0], "time_start": null, "time_complete": null, "actions": null, "score": null}, {"designers": [3, 2], "num_inputs": [2, 1], "num_outputs": [2, 1], "coupling": [[-0.202032780988882, 0.943305566983721, 0.2633578605309111], [-0.1939650258864959, 0.2250379403408725, -0.9548484142208065], [-0.9599793352665199, -0.24399289478314365, 0.13750324780379658]], "target": [0.5138691420310109, 0.8558261703556141, -0.059161397910765766], "inputs": [3, 3, 2], "outputs": [3, 3, 2], "time_start": null, "time_complete": null, "actions": null, "score": null}], "max_time": 360000}, {"name": "Breezy Rain (Pair)", "assignments": [[0, 1], [2, 3]], "tasks": [{"designers": [0, 1], "num_inputs": [1, 1], "num_outputs": [1, 1], "coupling": [[-0.7607240639626148, -0.6490754181974566], [-0.6490754181974567, 0.7607240639626149]], "target": [0.10927484623593564, 0.9940115733632644], "inputs": [0, 1], "outputs": [0, 1], "time_start": null, "time_complete": null, "actions": null, "score": null}, {"designers": [2, 3], "num_inputs": [1, 1], "num_outputs": [1, 1], "coupling": [[-0.7974172278897559, -0.6034283426096397], [-0.6034283426096397, 0.7974172278897561]], "target": [0.8041499335545104, -0.5944265172115696], "inputs": [2, 3], "outputs": [2, 3], "time_start": null, "time_complete": null, "actions": null, "score": null}], "max_time": 180000}, {"name": "Chief Government (Pair)", "assignments": [[0, 1], [2, 3]], "tasks": [{"designers": [0, 1], "num_inputs": [2, 2], "num_outputs": [2, 2], "coupling": [[-0.3552627039332832, 0.7581864389909798, 0.5399060516763725, 0.08627392588389866], [-0.6114688099940997, -0.061378292392047784, -0.19396913307301195, -0.7646663161421067], [-0.6428235293656072, -0.06482535348895453, -0.4324501174178433, 0.6289375800381705], [-0.29440145327826905, -0.6458975944360262, 0.69560357009106, 0.11081405635554221]], "target": [0.48092633792388395, 0.3106618315566939, 0.7260391158358884, -0.38087568336821415], "inputs": [0, 0, 1, 1], "outputs": [0, 0, 1, 1], "time_start": null, "time_complete": null, "actions": null, "score": null}, {"designers": [2, 3], "num_inputs": [2, 2], "num_outputs": [2, 2], "coupling": [[-0.4226995899459952, 0.10682551805784671, 0.5056940551980404, -0.7444372961428793], [-0.30390788403638264, -0.5325873845550005, -0.6947941256310435, -0.37583480256887564], [-0.6630328545875107, 0.6280662646473627, -0.32456158150495096, 0.24613000784229883], [-0.5379149453375993, -0.5571999225739759, 0.395214404263002, 0.49394466545256155]], "target": [-0.5726133694915803, -0.8052205727097611, -0.032128703802979275, 0.1506701853599562], "inputs": [2, 2, 3, 3], "outputs": [2, 2, 3, 3], "time_start": null, "time_complete": null, "actions": null, "score": null}], "max_time": 720000}, {"name": "Hallowed Sign (Pair)", "assignments": [[1, 0], [3, 2]], "tasks": [{"designers": [1, 0], "num_inputs": [2, 1], "num_outputs": [2, 1], "coupling": [[-0.5153822414958702, -0.3428392968907219, 0.7853931255480715], [-0.5648255743131259, 0.8251441195320102, -0.010452397026131488], [-0.6444790266195956, -0.44899710300760265, -0.6189090286449532]], "target": [-0.4734133327420902, 0.6348595099203063, 0.6106007034435641], "inputs": [1, 1, 0], "outputs": [1, 1, 0], "time_start": null, "time_complete": null, "actions": null, "score": null}, {"designers": [3, 2], "num_inputs": [2, 1], "num_outputs": [2, 1], "coupling": [[-0.37442699806586843, -0.7235163067774594, -0.5799384251336409], [-0.8124997562025362, -0.04538115540613463, 0.5811924783622239], [-0.44682051126845346, 0.6888139840051953, -0.5708648930777656]], "target": [-0.5175820273689937, 0.19602544337410818, -0.8328762636157826], "inputs": [3, 3, 2], "outputs": [3, 3, 2], "time_start": null, "time_complete": null, "actions": null, "score": null}], "max_time": 360000}, {"name": "Chemical Rhythm (Pair)", "assignments": [[0, 1], [2, 3]], "tasks": [{"designers": [0, 1], "num_inputs": [2, 2], "num_outputs": [2, 2], "coupling": [[-0.4331442886622159, 0.6831983457902544, -0.37444710411574367, 0.4532277702525482], [-0.710389576049359, 0.10842530719558574, 0.22183778920158959, -0.6590740461299517], [-0.31246206000717835, -0.596511237939525, -0.7392149073095101, -0.010155042063791496], [-0.4583668143482742, -0.4070114446558688, 0.5139442404705756, 0.6000857148028774]], "target": [0.6458467491268016, 0.37840280925143255, 0.4359157336487693, -0.4996706552824786], "inputs": [0, 0, 1, 1], "outputs": [0, 0, 1, 1], "time_start": null, "time_complete": null, "actions": null, "score": null}, {"designers": [2, 3], "num_inputs": [2, 2], "num_outputs": [2, 2], "coupling": [[-0.27977872332257375, 0.5906230936148384, 0.7415233684901054, 0.15176073684558705], [-0.6012495781173997, -0.16715040576639856, 0.06563548419132789, -0.7786216474519233], [-0.16224165782176203, 0.7472861153869085, -0.6382245298863971, -0.08894130462545097], [-0.7306849220128234, -0.2545359795606697, -0.1962257033350732, 0.602334170708304]], "target": [0.1695758848594935, 0.8009875617136247, -0.57410538665313, -0.008120977160518688], "inputs": [2, 2, 3, 3], "outputs": [2, 2, 3, 3], "time_start": null, "time_complete": null, "actions": null, "score": null}], "max_time": 720000}, {"name": "Towering Test (Pair)", "assignments": [[0, 1], [2, 3]], "tasks": [{"designers": [0, 1], "num_inputs": [1, 1], "num_outputs": [1, 1], "coupling": [[0.8377365813319395, 0.5460745556224671], [0.5460745556224671, -0.8377365813319394]], "target": [-0.9941688733115683, -0.10783436993095755], "inputs": [0, 1], "outputs": [0, 1], "time_start": null, "time_complete": null, "actions": null, "score": null}, {"designers": [2, 3], "num_inputs": [1, 1], "num_outputs": [1, 1], "coupling": [[-0.8680293073948935, -0.49651296207001616], [-0.49651296207001605, 0.8680293073948937]], "target": [0.9743203605439112, -0.22516623865398283], "inputs": [2, 3], "outputs": [2, 3], "time_start": null, "time_complete": null, "actions": null, "score": null}], "max_time": 180000}]}