{"name": "experiment005", "num_designers": 4, "error_tol": 0.05, "training": [{"name": "Training Task 1/5 (Individual)", "assignments": [[0], [1], [2], [3]], "tasks": [{"designers": [0], "num_inputs": [1], "num_outputs": [1], "coupling": [[1.0]], "target": [1.0], "inputs": [0], "outputs": [0], "time_start": null, "time_complete": null, "actions": null, "score": null}, {"designers": [1], "num_inputs": [1], "num_outputs": [1], "coupling": [[1.0]], "target": [1.0], "inputs": [1], "outputs": [1], "time_start": null, "time_complete": null, "actions": null, "score": null}, {"designers": [2], "num_inputs": [1], "num_outputs": [1], "coupling": [[1.0]], "target": [-1.0], "inputs": [2], "outputs": [2], "time_start": null, "time_complete": null, "actions": null, "score": null}, {"designers": [3], "num_inputs": [1], "num_outputs": [1], "coupling": [[1.0]], "target": [-1.0], "inputs": [3], "outputs": [3], "time_start": null, "time_complete": null, "actions": null, "score": null}], "max_time": 90000}, {"name": "Training Task 2/5 (Individual)", "assignments": [[0], [1], [2], [3]], "tasks": [{"designers": [0], "num_inputs": [2], "num_outputs": [2], "coupling": [[-0.46333632766804833, -0.8861825136297186], [-0.8861825136297183, 0.46333632766804855]], "target": [-0.9743399469871878, -0.22508146903955406], "inputs": [0, 0], "outputs": [0, 0], "time_start": null, "time_complete": null, "actions": null, "score": null}, {"designers": [1], "num_inputs": [2], "num_outputs": [2], "coupling": [[-0.6733341241436326, -0.7393383239517124], [-0.7393383239517123, 0.6733341241436326]], "target": [0.2903458649574502, -0.9569217725091794], "inputs": [1, 1], "outputs": [1, 1], "time_start": null, "time_complete": null, "actions": null, "score": null}, {"designers": [2], "num_inputs": [2], "num_outputs": [2], "coupling": [[-0.599083898010906, -0.8006862576215843], [-0.8006862576215841, 0.5990838980109061]], "target": [0.055289864763865104, -0.9984703455057607], "inputs": [2, 2], "outputs": [2, 2], "time_start": null, "time_complete": null, "actions": null, "score": null}, {"designers": [3], "num_inputs": [2], "num_outputs": [2], "coupling": [[-0.5545221006355882, -0.8321689972035096], [-0.8321689972035093, 0.5545221006355883]], "target": [-0.5494162589075084, 0.835548786396149], "inputs": [3, 3], "outputs": [3, 3], "time_start": null, "time_complete": null, "actions": null, "score": null}], "max_time": 120000}, {"name": "Training Task 3/5 (Pair)", "assignments": [[0, 1], [2, 3]], "tasks": [{"designers": [0, 1], "num_inputs": [1, 1], "num_outputs": [1, 1], "coupling": [[1, 0], [0, -1]], "target": [0.4204519029271143, 0.9073148281191975], "inputs": [0, 1], "outputs": [0, 1], "time_start": null, "time_complete": null, "actions": null, "score": null}, {"designers": [2, 3], "num_inputs": [1, 1], "num_outputs": [1, 1], "coupling": [[-1, 0], [0, 1]], "target": [0.6039825748488779, -0.7969975215011145], "inputs": [2, 3], "outputs": [2, 3], "time_start": null, "time_complete": null, "actions": null, "score": null}], "max_time": 270000}, {"name": "Training Task 4/5 (Pair)", "assignments": [[0, 1], [2, 3]], "tasks": [{"designers": [0, 1], "num_inputs": [1, 1], "num_outputs": [1, 1], "coupling": [[-0.6478797253687866, -0.7617426477860259], [-0.7617426477860257, 0.6478797253687867]], "target": [0.40718166106772613, -0.913347192961213], "inputs": [0, 1], "outputs": [0, 1], "time_start": null, "time_complete": null, "actions": null, "score": null}, {"designers": [2, 3], "num_inputs": [1, 1], "num_outputs": [1, 1], "coupling": [[-0.46223186786107884, -0.8867590993802418], [-0.8867590993802419, 0.46223186786107895]], "target": [0.9696731217430103, -0.2444054765531345], "inputs": [2, 3], "outputs": [2, 3], "time_start": null, "time_complete": null, "actions": null, "score": null}], "max_time": 270000}, {"name": "Training Task 5/5 (Pair)", "assignments": [[0, 1], [2, 3]], "tasks": [{"designers": [0, 1], "num_inputs": [2, 1], "num_outputs": [2, 1], "coupling": [[-0.5447420641588908, 0.617010780763726, -0.5679381832182518], [-0.7172237414108745, -0.6937344985503047, -0.06574610465833663], [-0.4345643661098987, 0.37152407989590047, 0.8204411433887301]], "target": [-0.4857159587604536, 0.4438263439408991, 0.7530592166818411], "inputs": [0, 0, 1], "outputs": [0, 0, 1], "time_start": null, "time_complete": null, "actions": null, "score": null}, {"designers": [2, 3], "num_inputs": [2, 1], "num_outputs": [2, 1], "coupling": [[-0.6127030497698296, 0.21812273945849336, -0.7596166423492002], [-0.4815614166331683, -0.8651587724110815, 0.13999607326781405], [-0.626652674783254, 0.45157808743480166, 0.6351249138049304]], "target": [-0.903932479176563, 0.42632569270087906, 0.03394814918118769], "inputs": [2, 2, 3], "outputs": [2, 2, 3], "time_start": null, "time_complete": null, "actions": null, "score": null}], "max_time": 540000}], "rounds": [{"name": "Towering Test (Pair)", "assignments": [[0, 1], [2, 3]], "tasks": [{"designers": [0, 1], "num_inputs": [1, 1], "num_outputs": [1, 1], "coupling": [[-0.8487858815592391, -0.5287367277442578], [-0.5287367277442578, 0.8487858815592391]], "target": [-0.1972441103433067, 0.9803544057813367], "inputs": [0, 1], "outputs": [0, 1], "time_start": null, "time_complete": null, "actions": null, "score": null}, {"designers": [2, 3], "num_inputs": [1, 1], "num_outputs": [1, 1], "coupling": [[-0.8939521356319353, -0.44816244733255134], [-0.4481624473325513, 0.8939521356319353]], "target": [0.4806230553014059, 0.8769272938577872], "inputs": [2, 3], "outputs": [2, 3], "time_start": null, "time_complete": null, "actions": null, "score": null}], "max_time": 180000}, {"name": "Hallowed Sign (Pair)", "assignments": [[1, 0], [3, 2]], "tasks": [{"designers": [1, 0], "num_inputs": [2, 1], "num_outputs": [2, 1], "coupling": [[-0.33417995059690153, 0.28028748293299544, -0.8998681500809651], [-0.45437740032385565, -0.8843927218610741, -0.10672718301396228], [-0.8257511360537071, 0.3732136659210735, 0.4229026139382043]], "target": [0.4676074430690693, -0.6280669460482561, -0.6219929183423427], "inputs": [1, 1, 0], "outputs": [1, 1, 0], "time_start": null, "time_complete": null, "actions": null, "score": null}, {"designers": [3, 2], "num_inputs": [2, 1], "num_outputs": [2, 1], "coupling": [[-0.7421248811937092, 0.6172314537071908, -0.2612967532667243], [-0.6147573978051826, -0.7821488001814985, -0.1015706464410041], [-0.2670655398156497, 0.08525600817039583, 0.9598996877350386]], "target": [-0.7244517408004312, 0.058208167223918486, 0.686863512293132], "inputs": [3, 3, 2], "outputs": [3, 3, 2], "time_start": null, "time_complete": null, "actions": null, "score": null}], "max_time": 360000}, {"name": "Thinkable Ink (Pair)", "assignments": [[0, 1], [2, 3]], "tasks": [{"designers": [0, 1], "num_inputs": [1, 1], "num_outputs": [1, 1], "coupling": [[-0.49149277126578483, -0.8708816542983776], [-0.8708816542983775, 0.49149277126578517]], "target": [0.6612551758307372, 0.7501610443345221], "inputs": [0, 1], "outputs": [0, 1], "time_start": null, "time_complete": null, "actions": null, "score": null}, {"designers": [2, 3], "num_inputs": [1, 1], "num_outputs": [1, 1], "coupling": [[0.7321859271709997, 0.6811048142927366], [0.6811048142927367, -0.7321859271709998]], "target": [-0.13010577511275834, 0.9915001196582419], "inputs": [2, 3], "outputs": [2, 3], "time_start": null, "time_complete": null, "actions": null, "score": null}], "max_time": 180000}, {"name": "Better Behavior (Pair)", "assignments": [[0, 1], [2, 3]], "tasks": [{"designers": [0, 1], "num_inputs": [2, 1], "num_outputs": [2, 1], "coupling": [[-0.7181584065543487, 0.6646289574659949, -0.2061961493165746], [-0.3822772875173233, -0.624394581337992, -0.6811721384820075], [-0.5814744865802077, -0.41036539290419966, 0.7024867726604292]], "target": [0.8828799980251862, 0.4570898046014955, 0.10766531296761134], "inputs": [0, 0, 1], "outputs": [0, 0, 1], "time_start": null, "time_complete": null, "actions": null, "score": null}, {"designers": [2, 3], "num_inputs": [2, 1], "num_outputs": [2, 1], "coupling": [[-0.39737840483175635, 0.8401139812573042, -0.36918681161354017], [-0.5792694770474051, -0.5416766283406882, -0.6091250309014484], [-0.7117143221367653, -0.02819448182653772, 0.7019029810877984]], "target": [0.6926924642122267, 0.602934095192836, 0.3957873505780461], "inputs": [2, 2, 3], "outputs": [2, 2, 3], "time_start": null, "time_complete": null, "actions": null, "score": null}], "max_time": 360000}, {"name": "Statuesque Name (Pair)", "assignments": [[1, 0], [3, 2]], "tasks": [{"designers": [1, 0], "num_inputs": [2, 1], "num_outputs": [2, 1], "coupling": [[-0.6588184590519196, 0.6745496610497943, -0.33307805810359603], [-0.32576040228711867, -0.6548798523415754, -0.6819182790472853], [-0.6781138535041071, -0.3407567076004298, 0.6511885041300453]], "target": [0.438767565887068, 0.804712736760143, 0.3999005306592354], "inputs": [1, 1, 0], "outputs": [1, 1, 0], "time_start": null, "time_complete": null, "actions": null, "score": null}, {"designers": [3, 2], "num_inputs": [2, 1], "num_outputs": [2, 1], "coupling": [[-0.7337014191476158, 0.46770708373091113, -0.49288164032422743], [-0.3894540477896065, -0.8838814197055436, -0.2589964875429848], [-0.556783415881854, 0.001928659440915581, 0.8306554689350426]], "target": [0.9448227619119507, -0.268318228625676, 0.18792359287820412], "inputs": [3, 3, 2], "outputs": [3, 3, 2], "time_start": null, "time_complete": null, "actions": null, "score": null}], "max_time": 360000}, {"name": "Absorbed Copper (Pair)", "assignments": [[1, 0], [3, 2]], "tasks": [{"designers": [1, 0], "num_inputs": [2, 1], "num_outputs": [2, 1], "coupling": [[-0.5025285015742834, -0.06894467316662145, -0.8618072505772121], [-0.7361933631880899, -0.48852307947426243, 0.46836367581057387], [-0.4533039125171044, 0.8698228744192296, 0.19474016030021707]], "target": [0.6172673387247787, 0.5765380692496413, -0.535336237564323], "inputs": [1, 1, 0], "outputs": [1, 1, 0], "time_start": null, "time_complete": null, "actions": null, "score": null}, {"designers": [3, 2], "num_inputs": [2, 1], "num_outputs": [2, 1], "coupling": [[-0.7840089548557705, 0.6171724746289795, 0.06654393485738508], [-0.47732409198033654, -0.5308543977190968, -0.700253753747484], [-0.3968522016079907, -0.5807682368919951, 0.7107858925838735]], "target": [0.20768403577656058, -0.9774788976022938, 0.03744791083311493], "inputs": [3, 3, 2], "outputs": [3, 3, 2], "time_start": null, "time_complete": null, "actions": null, "score": null}], "max_time": 360000}, {"name": "Staking System (Pair)", "assignments": [[0, 1], [2, 3]], "tasks": [{"designers": [0, 1], "num_inputs": [1, 1], "num_outputs": [1, 1], "coupling": [[-0.7330798450339732, -0.6801425885834275], [-0.6801425885834277, 0.7330798450339733]], "target": [0.023998552736903322, 0.9997119932593258], "inputs": [0, 1], "outputs": [0, 1], "time_start": null, "time_complete": null, "actions": null, "score": null}, {"designers": [2, 3], "num_inputs": [1, 1], "num_outputs": [1, 1], "coupling": [[-0.5060942251446938, -0.8624781940867787], [-0.862478194086779, 0.506094225144694]], "target": [-0.2474143942845215, -0.9689097571501815], "inputs": [2, 3], "outputs": [2, 3], "time_start": null, "time_complete": null, "actions": null, "score": null}], "max_time": 180000}, {"name": "Breezy Rain (Pair)", "assignments": [[0, 1], [2, 3]], "tasks": [{"designers": [0, 1], "num_inputs": [1, 1], "num_outputs": [1, 1], "coupling": [[-0.8221846479060212, -0.5692208751861194], [-0.5692208751861194, 0.8221846479060212]], "target": [-0.996024303064649, 0.08908191569886874], "inputs": [0, 1], "outputs": [0, 1], "time_start": null, "time_complete": null, "actions": null, "score": null}, {"designers": [2, 3], "num_inputs": [1, 1], "num_outputs": [1, 1], "coupling": [[-0.5876177391548839, -0.8091386733005059], [-0.8091386733005062, 0.5876177391548838]], "target": [-0.2496475911828666, -0.9683367597156437], "inputs": [2, 3], "outputs": [2, 3], "time_start": null, "time_complete": null, "actions": null, "score": null}], "max_time": 180000}, {"name": "Chemical Rhythm (Pair)", "assignments": [[0, 1], [2, 3]], "tasks": [{"designers": [0, 1], "num_inputs": [2, 2], "num_outputs": [2, 2], "coupling": [[-0.42229592953762307, -0.3399468915535653, -0.11712422461820071, -0.8320962533424895], [-0.3740044598714874, 0.4976857811847853, 0.772960767005536, -0.12231590196266717], [-0.6790404606079349, 0.41063860760654874, -0.5526616663013164, 0.25464695050475566], [-0.4697774630072793, -0.6841936188481395, 0.28875361691042406, 0.4772940141035498]], "target": [-0.6575009777076766, 0.08729186301877828, 0.36734557165225906, -0.652019804876842], "inputs": [0, 0, 1, 1], "outputs": [0, 0, 1, 1], "time_start": null, "time_complete": null, "actions": null, "score": null}, {"designers": [2, 3], "num_inputs": [2, 2], "num_outputs": [2, 2], "coupling": [[-0.30724559269424156, 0.4088274525566311, -0.4055166532973069, -0.7576387686124381], [-0.4231182817016931, 0.09006305593969552, 0.8678518924360907, -0.24432081049248744], [-0.6356193235752987, -0.7346350744427885, -0.23698079029199803, -0.011810500781020639], [-0.5679429029026164, 0.5339101679021456, -0.16195506082314243, 0.6051044124174141]], "target": [-0.39559629227119797, 0.36309635564817055, 0.8385261499484487, 0.09240403621557872], "inputs": [2, 2, 3, 3], "outputs": [2, 2, 3, 3], "time_start": null, "time_complete": null, "actions": null, "score": null}], "max_time": 720000}, {"name": "Chief Government (Pair)", "assignments": [[0, 1], [2, 3]], "tasks": [{"designers": [0, 1], "num_inputs": [2, 2], "num_outputs": [2, 2], "coupling": [[-0.3064080060918024, 0.30591714499281003, -0.7641277039724614, -0.4781607326245737], [-0.7170719342051719, 0.49446988778015605, 0.20662141058619515, 0.4456623878467922], [-0.5688634065192687, -0.4894827410284768, 0.3733892755640746, -0.5453269843426767], [-0.2613740608809389, -0.649862198249273, -0.4837322540444059, 0.5247531133612724]], "target": [-0.5310442324880531, -0.8293880538844219, 0.14540731108528737, -0.09467942277988557], "inputs": [0, 0, 1, 1], "outputs": [0, 0, 1, 1], "time_start": null, "time_complete": null, "actions": null, "score": null}, {"designers": [2, 3], "num_inputs": [2, 2], "num_outputs": [2, 2], "coupling": [[-0.534888082937704, -0.10643149688288683, -0.6415420302435801, -0.5394357224298754], [-0.31095920665991295, -0.2774199204915059, 0.7442122893547571, -0.5220063485066779], [-0.5370818783748635, -0.5594349884847832, 0.009820577217557164, 0.6312520145262689], [-0.5733604158345725, 0.7737848653500439, 0.18567565286652632, 0.19503683662788002]], "target": [0.5165943754080959, -0.5268274338850593, 0.6710051055224868, -0.07304282692748788], "inputs": [2, 2, 3, 3], "outputs": [2, 2, 3, 3], "time_start": null, "time_complete": null, "actions": null, "score": null}], "max_time": 720000}]}