{"name": "experiment009", "num_designers": 4, "error_tol": 0.05, "training": [{"name": "Training Task 1/5 (Individual)", "assignments": [[0], [1], [2], [3]], "tasks": [{"designers": [0], "num_inputs": [1], "num_outputs": [1], "coupling": [[1.0]], "target": [1.0], "inputs": [0], "outputs": [0], "time_start": null, "time_complete": null, "actions": null, "score": null}, {"designers": [1], "num_inputs": [1], "num_outputs": [1], "coupling": [[1.0]], "target": [1.0], "inputs": [1], "outputs": [1], "time_start": null, "time_complete": null, "actions": null, "score": null}, {"designers": [2], "num_inputs": [1], "num_outputs": [1], "coupling": [[1.0]], "target": [-1.0], "inputs": [2], "outputs": [2], "time_start": null, "time_complete": null, "actions": null, "score": null}, {"designers": [3], "num_inputs": [1], "num_outputs": [1], "coupling": [[1.0]], "target": [-1.0], "inputs": [3], "outputs": [3], "time_start": null, "time_complete": null, "actions": null, "score": null}], "max_time": 90000}, {"name": "Training Task 2/5 (Individual)", "assignments": [[0], [1], [2], [3]], "tasks": [{"designers": [0], "num_inputs": [2], "num_outputs": [2], "coupling": [[-0.673805346421886, -0.7389088950156726], [-0.7389088950156726, 0.673805346421886]], "target": [-0.40665784127542914, 0.9135805383923236], "inputs": [0, 0], "outputs": [0, 0], "time_start": null, "time_complete": null, "actions": null, "score": null}, {"designers": [1], "num_inputs": [2], "num_outputs": [2], "coupling": [[0.2613806398540457, 0.9652358059611592], [0.9652358059611597, -0.26138063985404586]], "target": [-0.9022406807522214, -0.43123283037793914], "inputs": [1, 1], "outputs": [1, 1], "time_start": null, "time_complete": null, "actions": null, "score": null}, {"designers": [2], "num_inputs": [2], "num_outputs": [2], "coupling": [[-0.23296295255127364, -0.9724856105560604], [-0.9724856105560604, 0.23296295255127353]], "target": [-0.3037389166710165, 0.9527553046294297], "inputs": [2, 2], "outputs": [2, 2], "time_start": null, "time_complete": null, "actions": null, "score": null}, {"designers": [3], "num_inputs": [2], "num_outputs": [2], "coupling": [[-0.3646889868213047, -0.9311293910575751], [-0.9311293910575753, 0.36468898682130424]], "target": [0.9087732081982409, 0.4172903737939286], "inputs": [3, 3], "outputs": [3, 3], "time_start": null, "time_complete": null, "actions": null, "score": null}], "max_time": 120000}, {"name": "Training Task 3/5 (Pair)", "assignments": [[0, 1], [2, 3]], "tasks": [{"designers": [0, 1], "num_inputs": [1, 1], "num_outputs": [1, 1], "coupling": [[1, 0], [0, 1]], "target": [0.33090038851573045, 0.9436656891506329], "inputs": [0, 1], "outputs": [0, 1], "time_start": null, "time_complete": null, "actions": null, "score": null}, {"designers": [2, 3], "num_inputs": [1, 1], "num_outputs": [1, 1], "coupling": [[-1, 0], [0, 1]], "target": [-0.9260769805995803, 0.37733463398363565], "inputs": [2, 3], "outputs": [2, 3], "time_start": null, "time_complete": null, "actions": null, "score": null}], "max_time": 270000}, {"name": "Training Task 4/5 (Pair)", "assignments": [[0, 1], [2, 3]], "tasks": [{"designers": [0, 1], "num_inputs": [1, 1], "num_outputs": [1, 1], "coupling": [[-0.4133841052550029, -0.9105567426154834], [-0.9105567426154835, 0.41338410525500313]], "target": [0.3416272644187537, -0.9398355240177714], "inputs": [0, 1], "outputs": [0, 1], "time_start": null, "time_complete": null, "actions": null, "score": null}, {"designers": [2, 3], "num_inputs": [1, 1], "num_outputs": [1, 1], "coupling": [[-0.08841839789524197, -0.9960834236717515], [-0.9960834236717517, 0.0884183978952423]], "target": [0.4092317910120462, 0.9124304582953557], "inputs": [2, 3], "outputs": [2, 3], "time_start": null, "time_complete": null, "actions": null, "score": null}], "max_time": 270000}, {"name": "Training Task 5/5 (Pair)", "assignments": [[0, 1], [2, 3]], "tasks": [{"designers": [0, 1], "num_inputs": [2, 1], "num_outputs": [2, 1], "coupling": [[-0.46725717613608797, 0.8302913814913458, -0.3037876777792711], [-0.5245681753249642, -0.5369436383554278, -0.660696419443812], [-0.7116874038407365, -0.14935779541365923, 0.6864352031791525]], "target": [-0.8253296182104, -0.5606224975085704, -0.06733079972738135], "inputs": [0, 0, 1], "outputs": [0, 0, 1], "time_start": null, "time_complete": null, "actions": null, "score": null}, {"designers": [2, 3], "num_inputs": [2, 1], "num_outputs": [2, 1], "coupling": [[-0.5873393125051651, 0.8047323218708047, 0.08624628758609665], [-0.6779954574693374, -0.4310247474463676, -0.5954324703438156], [-0.4419894700520638, -0.40819548898195646, 0.7987626375450203]], "target": [0.5832365459009838, 0.6789833564963492, -0.4458887003798605], "inputs": [2, 2, 3], "outputs": [2, 2, 3], "time_start": null, "time_complete": null, "actions": null, "score": null}], "max_time": 540000}], "rounds": [{"name": "Absorbed Copper (Pair)", "assignments": [[1, 0], [3, 2]], "tasks": [{"designers": [1, 0], "num_inputs": [2, 1], "num_outputs": [2, 1], "coupling": [[-0.5660379305753045, 0.5709245684199029, -0.5946815940691066], [-0.8142155063992225, -0.5001025141067923, 0.294873845098413], [-0.12905103753586594, 0.6511087563215636, 0.7479326287522851]], "target": [0.6082303438642027, 0.5907587757541726, 0.5301508442625222], "inputs": [1, 1, 0], "outputs": [1, 1, 0], "time_start": null, "time_complete": null, "actions": null, "score": null}, {"designers": [3, 2], "num_inputs": [2, 1], "num_outputs": [2, 1], "coupling": [[-0.632985182899885, 0.5970328638683835, -0.49283011037305297], [-0.4658884589868658, -0.8021882535896039, -0.37341926782867674], [-0.6182861004519207, -0.006765002880847387, 0.7859239993307112]], "target": [-0.23411486710054197, 0.9689171296616726, -0.0799363800198697], "inputs": [3, 3, 2], "outputs": [3, 3, 2], "time_start": null, "time_complete": null, "actions": null, "score": null}], "max_time": 360000}, {"name": "Hallowed Sign (Pair)", "assignments": [[1, 0], [3, 2]], "tasks": [{"designers": [1, 0], "num_inputs": [2, 1], "num_outputs": [2, 1], "coupling": [[-0.39475421375980146, 0.3206843380474187, 0.8610056132511387], [-0.5336844304123685, 0.68278223622066, -0.49898832314688474], [-0.7478970781159034, -0.6564830334689565, -0.09838692653544168]], "target": [-0.29507999124974904, -0.8781230459885657, -0.37660020561307633], "inputs": [1, 1, 0], "outputs": [1, 1, 0], "time_start": null, "time_complete": null, "actions": null, "score": null}, {"designers": [3, 2], "num_inputs": [2, 1], "num_outputs": [2, 1], "coupling": [[-0.32163492641054237, -0.25266270085627185, -0.9125308398672884], [-0.7438789098253445, -0.5288435817527115, 0.4086179554988001], [-0.5858285940699217, 0.8102382523893674, -0.017855887966769513]], "target": [-0.5076379197981906, -0.38268486874258584, -0.7719171157698445], "inputs": [3, 3, 2], "outputs": [3, 3, 2], "time_start": null, "time_complete": null, "actions": null, "score": null}], "max_time": 360000}, {"name": "Staking System (Pair)", "assignments": [[0, 1], [2, 3]], "tasks": [{"designers": [0, 1], "num_inputs": [1, 1], "num_outputs": [1, 1], "coupling": [[0.6346677012461519, 0.7727851635447751], [0.7727851635447752, -0.6346677012461521]], "target": [0.0041788302427172574, 0.9999912686507831], "inputs": [0, 1], "outputs": [0, 1], "time_start": null, "time_complete": null, "actions": null, "score": null}, {"designers": [2, 3], "num_inputs": [1, 1], "num_outputs": [1, 1], "coupling": [[-0.6422142839282174, -0.7665251551766368], [-0.7665251551766368, 0.6422142839282174]], "target": [0.8996564890653496, 0.4365984444344806], "inputs": [2, 3], "outputs": [2, 3], "time_start": null, "time_complete": null, "actions": null, "score": null}], "max_time": 180000}, {"name": "Statuesque Name (Pair)", "assignments": [[1, 0], [3, 2]], "tasks": [{"designers": [1, 0], "num_inputs": [2, 1], "num_outputs": [2, 1], "coupling": [[-0.41409403872596007, 0.7285233750514613, 0.5456920551879525], [-0.7626501207523907, 0.049569923562232165, -0.6449089982271903], [-0.4968811934537134, -0.6832250834693225, 0.5350818301067141]], "target": [-0.3872699905054522, 0.6230520395887156, 0.6795793628548829], "inputs": [1, 1, 0], "outputs": [1, 1, 0], "time_start": null, "time_complete": null, "actions": null, "score": null}, {"designers": [3, 2], "num_inputs": [2, 1], "num_outputs": [2, 1], "coupling": [[-0.49088082322992277, 0.8599681622740122, -0.1396093738262989], [-0.7416018046375148, -0.4965446968388129, -0.45107663140494497], [-0.4572338359564986, -0.11789030458994323, 0.8814982106279037]], "target": [0.4550856167426507, -0.5998720640798548, -0.6580657931928505], "inputs": [3, 3, 2], "outputs": [3, 3, 2], "time_start": null, "time_complete": null, "actions": null, "score": null}], "max_time": 360000}, {"name": "Thinkable Ink (Pair)", "assignments": [[0, 1], [2, 3]], "tasks": [{"designers": [0, 1], "num_inputs": [1, 1], "num_outputs": [1, 1], "coupling": [[-0.9643593459400903, -0.26459601640614505], [-0.264596016406145, 0.9643593459400903]], "target": [0.3387078335447895, 0.9408916002895314], "inputs": [0, 1], "outputs": [0, 1], "time_start": null, "time_complete": null, "actions": null, "score": null}, {"designers": [2, 3], "num_inputs": [1, 1], "num_outputs": [1, 1], "coupling": [[-0.2570148134069439, -0.9664074635935889], [-0.966407463593589, 0.25701481340694365]], "target": [-0.45476503159170334, -0.8906114562711379], "inputs": [2, 3], "outputs": [2, 3], "time_start": null, "time_complete": null, "actions": null, "score": null}], "max_time": 180000}, {"name": "Breezy Rain (Pair)", "assignments": [[0, 1], [2, 3]], "tasks": [{"designers": [0, 1], "num_inputs": [1, 1], "num_outputs": [1, 1], "coupling": [[-0.2012742673708131, -0.9795349249997891], [-0.9795349249997892, 0.2012742673708129]], "target": [0.2149227671988183, -0.9766310481136684], "inputs": [0, 1], "outputs": [0, 1], "time_start": null, "time_complete": null, "actions": null, "score": null}, {"designers": [2, 3], "num_inputs": [1, 1], "num_outputs": [1, 1], "coupling": [[-0.810219010119863, -0.5861272520881364], [-0.5861272520881364, 0.8102190101198629]], "target": [0.9067091104715772, -0.42175655180191535], "inputs": [2, 3], "outputs": [2, 3], "time_start": null, "time_complete": null, "actions": null, "score": null}], "max_time": 180000}, {"name": "Better Behavior (Pair)", "assignments": [[0, 1], [2, 3]], "tasks": [{"designers": [0, 1], "num_inputs": [2, 1], "num_outputs": [2, 1], "coupling": [[-0.3594501631707785, 0.4593310294056412, -0.8122872556070635], [-0.4186322744538763, -0.8573309502048827, -0.2995507646566227], [-0.8339919657778937, 0.23237609009092758, 0.5004585435098274]], "target": [0.45876066671756854, 0.8240039072573883, -0.33249994210136335], "inputs": [0, 0, 1], "outputs": [0, 0, 1], "time_start": null, "time_complete": null, "actions": null, "score": null}, {"designers": [2, 3], "num_inputs": [2, 1], "num_outputs": [2, 1], "coupling": [[-0.6986563164492012, 0.1814798900547689, -0.692058090763588], [-0.20057183702444342, -0.9781880633907601, -0.05402824106404144], [-0.686768002806096, 0.10106019070604916, 0.7198170240944453]], "target": [-0.3126933935378471, 0.7487688373808452, 0.5844382514903713], "inputs": [2, 2, 3], "outputs": [2, 2, 3], "time_start": null, "time_complete": null, "actions": null, "score": null}], "max_time": 360000}, {"name": "Chief Government (Pair)", "assignments": [[0, 1], [2, 3]], "tasks": [{"designers": [0, 1], "num_inputs": [2, 2], "num_outputs": [2, 2], "coupling": [[-0.5112906297468734, -0.6530827595938442, -0.3465053498304385, 0.4381767264394809], [-0.333218869189987, -0.07579352114290204, -0.4252603697695869, -0.8380776487127792], [-0.6964482627949858, 0.1118244752441494, 0.7031066162531899, -0.0899788317728463], [-0.37750085350716417, 0.7451399452521786, -0.4524696085079185, 0.31229924906671364]], "target": [0.12544963824713928, 0.6254948793416258, -0.6899369434765897, -0.3420607522169827], "inputs": [0, 0, 1, 1], "outputs": [0, 0, 1, 1], "time_start": null, "time_complete": null, "actions": null, "score": null}, {"designers": [2, 3], "num_inputs": [2, 2], "num_outputs": [2, 2], "coupling": [[-0.6510043419012896, 0.06530417927264409, 0.6016732511844038, -0.45816810212451947], [-0.6575988469369946, -0.5443940269892019, -0.43844968619679325, 0.2809995953013963], [-0.33886483811936113, 0.7812891351678378, -0.5170463236721927, -0.0861452722562385], [-0.17008152403816096, 0.2982579333675779, 0.42239113468465705, 0.8388684102432071]], "target": [-0.505882882551844, 0.5493105341023897, -0.6419149889223171, -0.1740275646615969], "inputs": [2, 2, 3, 3], "outputs": [2, 2, 3, 3], "time_start": null, "time_complete": null, "actions": null, "score": null}], "max_time": 720000}, {"name": "Chemical Rhythm (Pair)", "assignments": [[0, 1], [2, 3]], "tasks": [{"designers": [0, 1], "num_inputs": [2, 2], "num_outputs": [2, 2], "coupling": [[-0.6004949270806867, 0.41708296767721825, -0.4717300963252334, -0.4928674840612951], [-0.4305593292184724, 0.5444267256058295, 0.5698212437213398, 0.4399113031884035], [-0.5570645940014477, -0.656126815213107, 0.4237710649613091, -0.2821253710141383], [-0.3790825037947562, -0.3148633685870511, -0.5226782479943173, 0.6956759040762475]], "target": [0.3725733571937673, 0.3927255706401287, 0.4859789097847865, -0.686134257211474], "inputs": [0, 0, 1, 1], "outputs": [0, 0, 1, 1], "time_start": null, "time_complete": null, "actions": null, "score": null}, {"designers": [2, 3], "num_inputs": [2, 2], "num_outputs": [2, 2], "coupling": [[-0.7171121617341025, 0.39579827773833, 0.39116562701894053, 0.4196228343063491], [-0.5790662931012249, -0.5425853279684673, 0.1260466214630857, -0.5953113801071663], [-0.25378077334786414, 0.6083735354365715, -0.6118408872540828, -0.4371815288224142], [-0.29330478135552007, -0.4228788556940744, -0.6758346174477577, 0.5276299351819455]], "target": [-0.32482834366848023, 0.8602105724431387, 0.16422738449225602, 0.3571465866972156], "inputs": [2, 2, 3, 3], "outputs": [2, 2, 3, 3], "time_start": null, "time_complete": null, "actions": null, "score": null}], "max_time": 720000}, {"name": "Towering Test (Pair)", "assignments": [[0, 1], [2, 3]], "tasks": [{"designers": [0, 1], "num_inputs": [1, 1], "num_outputs": [1, 1], "coupling": [[-0.8538843644185199, -0.5204627673538046], [-0.5204627673538047, 0.8538843644185198]], "target": [-0.9370552350551382, 0.3491811656658474], "inputs": [0, 1], "outputs": [0, 1], "time_start": null, "time_complete": null, "actions": null, "score": null}, {"designers": [2, 3], "num_inputs": [1, 1], "num_outputs": [1, 1], "coupling": [[-0.6067545515021665, -0.7948892465189126], [-0.7948892465189126, 0.6067545515021666]], "target": [0.6065659050169132, -0.7950332086592441], "inputs": [2, 3], "outputs": [2, 3], "time_start": null, "time_complete": null, "actions": null, "score": null}], "max_time": 180000}]}