{"name": "experiment004", "num_designers": 4, "error_tol": 0.05, "training": [{"name": "Training Task 1/5 (Individual)", "assignments": [[0], [1], [2], [3]], "tasks": [{"designers": [0], "num_inputs": [1], "num_outputs": [1], "coupling": [[1.0]], "target": [1.0], "inputs": [0], "outputs": [0], "time_start": null, "time_complete": null, "actions": null, "score": null}, {"designers": [1], "num_inputs": [1], "num_outputs": [1], "coupling": [[1.0]], "target": [1.0], "inputs": [1], "outputs": [1], "time_start": null, "time_complete": null, "actions": null, "score": null}, {"designers": [2], "num_inputs": [1], "num_outputs": [1], "coupling": [[1.0]], "target": [1.0], "inputs": [2], "outputs": [2], "time_start": null, "time_complete": null, "actions": null, "score": null}, {"designers": [3], "num_inputs": [1], "num_outputs": [1], "coupling": [[1.0]], "target": [-1.0], "inputs": [3], "outputs": [3], "time_start": null, "time_complete": null, "actions": null, "score": null}], "max_time": 90000}, {"name": "Training Task 2/5 (Individual)", "assignments": [[0], [1], [2], [3]], "tasks": [{"designers": [0], "num_inputs": [2], "num_outputs": [2], "coupling": [[0.696024761984183, 0.7180177788222666], [0.7180177788222666, -0.6960247619841831]], "target": [0.5585025132834653, -0.8295028286003927], "inputs": [0, 0], "outputs": [0, 0], "time_start": null, "time_complete": null, "actions": null, "score": null}, {"designers": [1], "num_inputs": [2], "num_outputs": [2], "coupling": [[-0.8888731286493528, -0.4581534253556459], [-0.45815342535564596, 0.8888731286493528]], "target": [-0.7461829382268503, 0.6657409576548105], "inputs": [1, 1], "outputs": [1, 1], "time_start": null, "time_complete": null, "actions": null, "score": null}, {"designers": [2], "num_inputs": [2], "num_outputs": [2], "coupling": [[-0.3949744357902991, -0.9186921111406885], [-0.9186921111406886, 0.394974435790299]], "target": [-0.5714937417032326, -0.8206064240511642], "inputs": [2, 2], "outputs": [2, 2], "time_start": null, "time_complete": null, "actions": null, "score": null}, {"designers": [3], "num_inputs": [2], "num_outputs": [2], "coupling": [[-0.6387776487821395, -0.7693913928660507], [-0.769391392866051, 0.6387776487821394]], "target": [-0.28663881312976613, -0.9580387209333237], "inputs": [3, 3], "outputs": [3, 3], "time_start": null, "time_complete": null, "actions": null, "score": null}], "max_time": 120000}, {"name": "Training Task 3/5 (Pair)", "assignments": [[0, 1], [2, 3]], "tasks": [{"designers": [0, 1], "num_inputs": [1, 1], "num_outputs": [1, 1], "coupling": [[1, 0], [0, 1]], "target": [0.3855205461778044, -0.9226992513678374], "inputs": [0, 1], "outputs": [0, 1], "time_start": null, "time_complete": null, "actions": null, "score": null}, {"designers": [2, 3], "num_inputs": [1, 1], "num_outputs": [1, 1], "coupling": [[1, 0], [0, 1]], "target": [-0.9489882510447187, -0.31531143236344306], "inputs": [2, 3], "outputs": [2, 3], "time_start": null, "time_complete": null, "actions": null, "score": null}], "max_time": 270000}, {"name": "Training Task 4/5 (Pair)", "assignments": [[0, 1], [2, 3]], "tasks": [{"designers": [0, 1], "num_inputs": [1, 1], "num_outputs": [1, 1], "coupling": [[-0.36954365065865225, -0.9292133717601552], [-0.929213371760155, 0.36954365065865213]], "target": [0.3700884776002886, -0.9289965116982413], "inputs": [0, 1], "outputs": [0, 1], "time_start": null, "time_complete": null, "actions": null, "score": null}, {"designers": [2, 3], "num_inputs": [1, 1], "num_outputs": [1, 1], "coupling": [[-0.8833125096425574, -0.46878460971854263], [-0.4687846097185425, 0.8833125096425576]], "target": [0.033982440919715584, -0.999422430061052], "inputs": [2, 3], "outputs": [2, 3], "time_start": null, "time_complete": null, "actions": null, "score": null}], "max_time": 270000}, {"name": "Training Task 5/5 (Pair)", "assignments": [[0, 1], [2, 3]], "tasks": [{"designers": [0, 1], "num_inputs": [2, 1], "num_outputs": [2, 1], "coupling": [[-0.5241204771986172, 0.6722059727474626, 0.522911900403626], [-0.7140877562135196, -0.012282918540155285, -0.6999484311990971], [-0.46408663179091414, -0.7402622914310666, 0.4864517839192195]], "target": [0.37026575384270966, -0.8860312557814835, -0.2790195070413132], "inputs": [0, 0, 1], "outputs": [0, 0, 1], "time_start": null, "time_complete": null, "actions": null, "score": null}, {"designers": [2, 3], "num_inputs": [2, 1], "num_outputs": [2, 1], "coupling": [[-0.5556109340793473, -0.7448246794543243, -0.36950329742404064], [-0.578326473131326, 0.02691344583666768, 0.8153613658425808], [-0.5973566609714486, 0.6667172288976488, -0.44570523475059465]], "target": [0.0965192718575778, -0.5655624734900819, 0.8190379226506326], "inputs": [2, 2, 3], "outputs": [2, 2, 3], "time_start": null, "time_complete": null, "actions": null, "score": null}], "max_time": 540000}], "rounds": [{"name": "Better Behavior (Pair)", "assignments": [[0, 1], [2, 3]], "tasks": [{"designers": [0, 1], "num_inputs": [2, 1], "num_outputs": [2, 1], "coupling": [[-0.5831853727005955, 0.6449432119736379, -0.4939059367907974], [-0.6662423459818548, -0.727605726413737, -0.1634351348717064], [-0.46477516875222863, 0.23374806997933828, 0.8540174953080716]], "target": [0.5627286885850435, 0.4425804462226764, 0.6981826205690698], "inputs": [0, 0, 1], "outputs": [0, 0, 1], "time_start": null, "time_complete": null, "actions": null, "score": null}, {"designers": [2, 3], "num_inputs": [2, 1], "num_outputs": [2, 1], "coupling": [[-0.2646580673657495, 0.012155324247508772, 0.9642657079201065], [-0.806590522845515, 0.5452626459936364, -0.22825506640558324], [-0.5285525856847407, -0.838177126254622, -0.13450378875525576]], "target": [0.6435783838147715, 0.675669527277723, -0.35955187914216913], "inputs": [2, 2, 3], "outputs": [2, 2, 3], "time_start": null, "time_complete": null, "actions": null, "score": null}], "max_time": 360000}, {"name": "Staking System (Pair)", "assignments": [[0, 1], [2, 3]], "tasks": [{"designers": [0, 1], "num_inputs": [1, 1], "num_outputs": [1, 1], "coupling": [[-0.7577706420425948, -0.6525209989405354], [-0.6525209989405354, 0.7577706420425945]], "target": [0.9962101021829599, -0.08697949360979489], "inputs": [0, 1], "outputs": [0, 1], "time_start": null, "time_complete": null, "actions": null, "score": null}, {"designers": [2, 3], "num_inputs": [1, 1], "num_outputs": [1, 1], "coupling": [[-0.706021450488929, -0.7081904485726342], [-0.7081904485726342, 0.7060214504889292]], "target": [0.1714709197839137, -0.9851891816643434], "inputs": [2, 3], "outputs": [2, 3], "time_start": null, "time_complete": null, "actions": null, "score": null}], "max_time": 180000}, {"name": "Thinkable Ink (Pair)", "assignments": [[0, 1], [2, 3]], "tasks": [{"designers": [0, 1], "num_inputs": [1, 1], "num_outputs": [1, 1], "coupling": [[-0.9294345399867407, -0.36898704025973006], [-0.36898704025973006, 0.9294345399867407]], "target": [-0.18708912002967848, -0.9823429447838062], "inputs": [0, 1], "outputs": [0, 1], "time_start": null, "time_complete": null, "actions": null, "score": null}, {"designers": [2, 3], "num_inputs": [1, 1], "num_outputs": [1, 1], "coupling": [[-0.6791530073909379, -0.7339967251642503], [-0.7339967251642502, 0.6791530073909381]], "target": [0.9901692660790311, -0.13987431684377483], "inputs": [2, 3], "outputs": [2, 3], "time_start": null, "time_complete": null, "actions": null, "score": null}], "max_time": 180000}, {"name": "Statuesque Name (Pair)", "assignments": [[1, 0], [3, 2]], "tasks": [{"designers": [1, 0], "num_inputs": [2, 1], "num_outputs": [2, 1], "coupling": [[-0.45638287472562256, 0.729951105545934, -0.5088084660945076], [-0.5685217276893807, -0.6791074275112494, -0.4643233216672784], [-0.6844689304871758, 0.0773594558623707, 0.7249260636688541]], "target": [0.23317958099474434, -0.9569440260815072, -0.17287398287200678], "inputs": [1, 1, 0], "outputs": [1, 1, 0], "time_start": null, "time_complete": null, "actions": null, "score": null}, {"designers": [3, 2], "num_inputs": [2, 1], "num_outputs": [2, 1], "coupling": [[-0.40090086811026404, -0.4475766243460332, -0.7993457695437233], [-0.5646660374920518, -0.5663613781416889, 0.6003224595602527], [-0.7214088716195983, 0.6920332034580831, -0.02567655078241482]], "target": [0.34685431924002974, -0.08970213639477144, 0.9336196270166718], "inputs": [3, 3, 2], "outputs": [3, 3, 2], "time_start": null, "time_complete": null, "actions": null, "score": null}], "max_time": 360000}, {"name": "Towering Test (Pair)", "assignments": [[0, 1], [2, 3]], "tasks": [{"designers": [0, 1], "num_inputs": [1, 1], "num_outputs": [1, 1], "coupling": [[-0.4983010795686864, -0.8670040565652973], [-0.8670040565652972, 0.4983010795686864]], "target": [0.992374008042588, 0.1232632474076901], "inputs": [0, 1], "outputs": [0, 1], "time_start": null, "time_complete": null, "actions": null, "score": null}, {"designers": [2, 3], "num_inputs": [1, 1], "num_outputs": [1, 1], "coupling": [[-0.31891292459199516, -0.947784018924238], [-0.9477840189242379, 0.3189129245919953]], "target": [-0.6579440912887375, -0.7530667784056322], "inputs": [2, 3], "outputs": [2, 3], "time_start": null, "time_complete": null, "actions": null, "score": null}], "max_time": 180000}, {"name": "Hallowed Sign (Pair)", "assignments": [[1, 0], [3, 2]], "tasks": [{"designers": [1, 0], "num_inputs": [2, 1], "num_outputs": [2, 1], "coupling": [[-0.45231817240763605, -0.13093911012962278, -0.8821922808256021], [-0.5207337706430158, -0.7642716108055736, 0.3804277132762026], [-0.7240473817518592, 0.6314616808287863, 0.27750952168017784]], "target": [0.46710431694895327, -0.2919663764123344, 0.8346072082916032], "inputs": [1, 1, 0], "outputs": [1, 1, 0], "time_start": null, "time_complete": null, "actions": null, "score": null}, {"designers": [3, 2], "num_inputs": [2, 1], "num_outputs": [2, 1], "coupling": [[-0.6523721016765628, -0.5519276392384661, -0.5194097823479634], [-0.4632075246779586, -0.25207954333873095, 0.8496438623987439], [-0.5998745119071349, 0.7948784717645783, -0.091207374095443]], "target": [-0.0892757851863406, -0.7107985208487191, -0.6977071713395494], "inputs": [3, 3, 2], "outputs": [3, 3, 2], "time_start": null, "time_complete": null, "actions": null, "score": null}], "max_time": 360000}, {"name": "Chief Government (Pair)", "assignments": [[0, 1], [2, 3]], "tasks": [{"designers": [0, 1], "num_inputs": [2, 2], "num_outputs": [2, 2], "coupling": [[-0.4199765167930285, 0.9024447797896277, 0.002810968222238454, 0.09594395880147052], [-0.4618516122480018, -0.1896384915219459, -0.8397734637948645, -0.2133327455014291], [-0.5395013094463682, -0.33164574396755775, 0.18041673924927173, 0.7525950025163065], [-0.5650231417490532, -0.1991023919292167, 0.5120765842745487, -0.6155360742099564]], "target": [-0.29527096791334273, -0.8469731352459374, 0.4107243825194942, -0.1635758089790934], "inputs": [0, 0, 1, 1], "outputs": [0, 0, 1, 1], "time_start": null, "time_complete": null, "actions": null, "score": null}, {"designers": [2, 3], "num_inputs": [2, 2], "num_outputs": [2, 2], "coupling": [[-0.42801979668582124, 0.19187200998592063, 0.175037265116529, -0.8656478159445194], [-0.5336096624461883, -0.6223637820818496, -0.5725570597326082, 0.0101224625063088], [-0.6070247574274849, 0.6606085166211225, -0.14496525951383327, 0.4172558030415275], [-0.4044511412509503, -0.37342314109382513, 0.7877343731899499, 0.2764941036106584]], "target": [-0.7045672351279164, -0.6877455287066749, 0.03942674125496956, 0.17040138204308403], "inputs": [2, 2, 3, 3], "outputs": [2, 2, 3, 3], "time_start": null, "time_complete": null, "actions": null, "score": null}], "max_time": 720000}, {"name": "Absorbed Copper (Pair)", "assignments": [[1, 0], [3, 2]], "tasks": [{"designers": [1, 0], "num_inputs": [2, 1], "num_outputs": [2, 1], "coupling": [[-0.36146369638828557, 0.8468798928131382, -0.3900492832221658], [-0.6266536613386064, -0.5304207652977468, -0.5709281920450874], [-0.6903978453936814, 0.038055996764771116, 0.7224282360110259]], "target": [-0.6765111732837319, -0.5395483639614337, -0.501218710114466], "inputs": [1, 1, 0], "outputs": [1, 1, 0], "time_start": null, "time_complete": null, "actions": null, "score": null}, {"designers": [3, 2], "num_inputs": [2, 1], "num_outputs": [2, 1], "coupling": [[-0.2326475942374715, 0.897547732191405, -0.37454394312761574], [-0.5426397076697642, -0.4393876742259554, -0.715877517036524], [-0.8071042340092077, 0.036695233701008245, 0.5892675243622701]], "target": [-0.23173841513408777, -0.9642212544677488, -0.12874268671960276], "inputs": [3, 3, 2], "outputs": [3, 3, 2], "time_start": null, "time_complete": null, "actions": null, "score": null}], "max_time": 360000}, {"name": "Chemical Rhythm (Pair)", "assignments": [[0, 1], [2, 3]], "tasks": [{"designers": [0, 1], "num_inputs": [2, 2], "num_outputs": [2, 2], "coupling": [[-0.539755408033698, -0.5372118927653955, 0.32041277085479936, -0.5633854258347002], [-0.4608431099024768, -0.40870739899882325, -0.08439417622429704, 0.7832365626542546], [-0.5167026048555509, 0.30171934292437397, -0.7677275937103667, -0.2292993634890039], [-0.4788592128061003, 0.6732956871838115, 0.5484593158551161, 0.12868236391261456]], "target": [0.10721277653530992, 0.9267609909647647, -0.32395945198477105, 0.15706609959925638], "inputs": [0, 0, 1, 1], "outputs": [0, 0, 1, 1], "time_start": null, "time_complete": null, "actions": null, "score": null}, {"designers": [2, 3], "num_inputs": [2, 2], "num_outputs": [2, 2], "coupling": [[-0.6026097345351417, 0.37085204275856803, 0.03139945587738626, -0.7059350851146924], [-0.24730183167300968, -0.8843335753338833, -0.29287797632697893, -0.2664928189857644], [-0.5087307316599369, 0.20612419802283183, -0.6597914789723484, 0.5132066464200076], [-0.5629354799259029, -0.19477090364947375, 0.6913116297507939, 0.40896964569936284]], "target": [-0.513269313376371, -0.5130206561572331, 0.6303464544501596, -0.2757313287681754], "inputs": [2, 2, 3, 3], "outputs": [2, 2, 3, 3], "time_start": null, "time_complete": null, "actions": null, "score": null}], "max_time": 720000}, {"name": "Breezy Rain (Pair)", "assignments": [[0, 1], [2, 3]], "tasks": [{"designers": [0, 1], "num_inputs": [1, 1], "num_outputs": [1, 1], "coupling": [[0.06612812426709724, 0.9978111400364875], [0.9978111400364877, -0.06612812426709735]], "target": [-0.8091099593542541, -0.5876572756920119], "inputs": [0, 1], "outputs": [0, 1], "time_start": null, "time_complete": null, "actions": null, "score": null}, {"designers": [2, 3], "num_inputs": [1, 1], "num_outputs": [1, 1], "coupling": [[-0.9726914487930087, -0.23210201516780937], [-0.2321020151678094, 0.9726914487930086]], "target": [0.8671544757608896, -0.49803927070850174], "inputs": [2, 3], "outputs": [2, 3], "time_start": null, "time_complete": null, "actions": null, "score": null}], "max_time": 180000}]}