{"name": "experiment003", "num_designers": 4, "error_tol": 0.05, "training": [{"name": "Training Task 1/5 (Individual)", "assignments": [[0], [1], [2], [3]], "tasks": [{"designers": [0], "num_inputs": [1], "num_outputs": [1], "coupling": [[1.0]], "target": [-1.0], "inputs": [0], "outputs": [0], "time_start": null, "time_complete": null, "actions": null, "score": null}, {"designers": [1], "num_inputs": [1], "num_outputs": [1], "coupling": [[1.0]], "target": [-1.0], "inputs": [1], "outputs": [1], "time_start": null, "time_complete": null, "actions": null, "score": null}, {"designers": [2], "num_inputs": [1], "num_outputs": [1], "coupling": [[1.0]], "target": [-1.0], "inputs": [2], "outputs": [2], "time_start": null, "time_complete": null, "actions": null, "score": null}, {"designers": [3], "num_inputs": [1], "num_outputs": [1], "coupling": [[1.0]], "target": [1.0], "inputs": [3], "outputs": [3], "time_start": null, "time_complete": null, "actions": null, "score": null}], "max_time": 90000}, {"name": "Training Task 2/5 (Individual)", "assignments": [[0], [1], [2], [3]], "tasks": [{"designers": [0], "num_inputs": [2], "num_outputs": [2], "coupling": [[-0.4412153379660042, -0.8974012622810064], [-0.8974012622810064, 0.44121533796600454]], "target": [-0.9993103715329457, 0.037131945096993926], "inputs": [0, 0], "outputs": [0, 0], "time_start": null, "time_complete": null, "actions": null, "score": null}, {"designers": [1], "num_inputs": [2], "num_outputs": [2], "coupling": [[-0.5984874480244892, -0.8011321829493149], [-0.801132182949315, 0.5984874480244892]], "target": [0.6361306308613575, -0.7715813764470547], "inputs": [1, 1], "outputs": [1, 1], "time_start": null, "time_complete": null, "actions": null, "score": null}, {"designers": [2], "num_inputs": [2], "num_outputs": [2], "coupling": [[-0.7578449838882477, -0.652434656034933], [-0.6524346560349329, 0.7578449838882478]], "target": [-0.9679444804114039, 0.2511642547041628], "inputs": [2, 2], "outputs": [2, 2], "time_start": null, "time_complete": null, "actions": null, "score": null}, {"designers": [3], "num_inputs": [2], "num_outputs": [2], "coupling": [[-0.485871351454114, -0.8740303369083664], [-0.8740303369083664, 0.4858713514541142]], "target": [-0.10737818376202735, -0.9942182485007848], "inputs": [3, 3], "outputs": [3, 3], "time_start": null, "time_complete": null, "actions": null, "score": null}], "max_time": 120000}, {"name": "Training Task 3/5 (Pair)", "assignments": [[0, 1], [2, 3]], "tasks": [{"designers": [0, 1], "num_inputs": [1, 1], "num_outputs": [1, 1], "coupling": [[-1, 0], [0, 1]], "target": [-0.9553427586485574, 0.295499938236481], "inputs": [0, 1], "outputs": [0, 1], "time_start": null, "time_complete": null, "actions": null, "score": null}, {"designers": [2, 3], "num_inputs": [1, 1], "num_outputs": [1, 1], "coupling": [[1, 0], [0, -1]], "target": [0.9648294863134959, 0.26287651538324186], "inputs": [2, 3], "outputs": [2, 3], "time_start": null, "time_complete": null, "actions": null, "score": null}], "max_time": 270000}, {"name": "Training Task 4/5 (Pair)", "assignments": [[0, 1], [2, 3]], "tasks": [{"designers": [0, 1], "num_inputs": [1, 1], "num_outputs": [1, 1], "coupling": [[-0.4757686422313655, -0.879570462822236], [-0.8795704628222358, 0.47576864223136595]], "target": [0.6797189531145664, -0.7334726612334218], "inputs": [0, 1], "outputs": [0, 1], "time_start": null, "time_complete": null, "actions": null, "score": null}, {"designers": [2, 3], "num_inputs": [1, 1], "num_outputs": [1, 1], "coupling": [[-0.6315321066106969, -0.7753497264588773], [-0.7753497264588773, 0.6315321066106968]], "target": [0.1051981983087964, -0.994451275363747], "inputs": [2, 3], "outputs": [2, 3], "time_start": null, "time_complete": null, "actions": null, "score": null}], "max_time": 270000}, {"name": "Training Task 5/5 (Pair)", "assignments": [[0, 1], [2, 3]], "tasks": [{"designers": [0, 1], "num_inputs": [2, 1], "num_outputs": [2, 1], "coupling": [[-0.5199307939748341, -0.7510929294827189, -0.4068554789575355], [-0.1150463554963184, -0.41038360467454654, 0.9046267921642269], [-0.8464256054513671, 0.5171505663686272, 0.1269605692366515]], "target": [0.23359540233417886, 0.6078879892718603, -0.7588842998160839], "inputs": [0, 0, 1], "outputs": [0, 0, 1], "time_start": null, "time_complete": null, "actions": null, "score": null}, {"designers": [2, 3], "num_inputs": [2, 1], "num_outputs": [2, 1], "coupling": [[-0.5057822337147329, 0.24563330486464274, -0.8269513961532495], [-0.7683611479863565, -0.5640712636987993, 0.30239833950325856], [-0.3921804155278845, 0.7883450317028151, 0.4740323118373505]], "target": [-0.47510508121831085, -0.8326248858689672, 0.2846242456858368], "inputs": [2, 2, 3], "outputs": [2, 2, 3], "time_start": null, "time_complete": null, "actions": null, "score": null}], "max_time": 540000}], "rounds": [{"name": "Thinkable Ink (Pair)", "assignments": [[0, 1], [2, 3]], "tasks": [{"designers": [0, 1], "num_inputs": [1, 1], "num_outputs": [1, 1], "coupling": [[-0.8706025476451225, -0.49198699579747296], [-0.4919869957974731, 0.8706025476451221]], "target": [0.9931535416174786, -0.11681627785826434], "inputs": [0, 1], "outputs": [0, 1], "time_start": null, "time_complete": null, "actions": null, "score": null}, {"designers": [2, 3], "num_inputs": [1, 1], "num_outputs": [1, 1], "coupling": [[-0.9472618284046008, -0.3204606503887364], [-0.32046065038873633, 0.9472618284046012]], "target": [-0.9668418149908684, 0.25537600667479143], "inputs": [2, 3], "outputs": [2, 3], "time_start": null, "time_complete": null, "actions": null, "score": null}], "max_time": 180000}, {"name": "Towering Test (Pair)", "assignments": [[0, 1], [2, 3]], "tasks": [{"designers": [0, 1], "num_inputs": [1, 1], "num_outputs": [1, 1], "coupling": [[-0.5443779308253608, -0.838840073214375], [-0.8388400732143751, 0.5443779308253611]], "target": [0.9896267228237474, 0.14366262378618194], "inputs": [0, 1], "outputs": [0, 1], "time_start": null, "time_complete": null, "actions": null, "score": null}, {"designers": [2, 3], "num_inputs": [1, 1], "num_outputs": [1, 1], "coupling": [[-0.8442179236134946, -0.5360000909045812], [-0.5360000909045811, 0.8442179236134948]], "target": [-0.8941630287989917, 0.4477415302705498], "inputs": [2, 3], "outputs": [2, 3], "time_start": null, "time_complete": null, "actions": null, "score": null}], "max_time": 180000}, {"name": "Better Behavior (Pair)", "assignments": [[0, 1], [2, 3]], "tasks": [{"designers": [0, 1], "num_inputs": [2, 1], "num_outputs": [2, 1], "coupling": [[-0.8645356583133464, 0.5020986782743235, -0.02179478790641582], [-0.45008790462863135, -0.7928184162525993, -0.41092558566938664], [-0.22360450266422716, -0.34545025130385654, 0.9114083334391815]], "target": [0.14245487637049203, -0.7104771788456786, -0.6891507719924236], "inputs": [0, 0, 1], "outputs": [0, 0, 1], "time_start": null, "time_complete": null, "actions": null, "score": null}, {"designers": [2, 3], "num_inputs": [2, 1], "num_outputs": [2, 1], "coupling": [[-0.5032580610822508, -0.07061485173947546, -0.8612461127166526], [-0.6478181143073309, -0.628766785052144, 0.4300976874972534], [-0.5718942338676153, 0.7743809609804484, 0.270686373022304]], "target": [-0.8001429697799569, -0.5942235452309047, 0.08166765703095692], "inputs": [2, 2, 3], "outputs": [2, 2, 3], "time_start": null, "time_complete": null, "actions": null, "score": null}], "max_time": 360000}, {"name": "Absorbed Copper (Pair)", "assignments": [[1, 0], [3, 2]], "tasks": [{"designers": [1, 0], "num_inputs": [2, 1], "num_outputs": [2, 1], "coupling": [[-0.7357616894972382, -0.3909060042823555, -0.5530345668076925], [-0.26327897019898294, -0.5872707458524882, 0.7653739314327503], [-0.6239702878496156, 0.7087351881216738, 0.3291739859086724]], "target": [0.7799685574793738, -0.41190503270313705, 0.4711510303261283], "inputs": [1, 1, 0], "outputs": [1, 1, 0], "time_start": null, "time_complete": null, "actions": null, "score": null}, {"designers": [3, 2], "num_inputs": [2, 1], "num_outputs": [2, 1], "coupling": [[-0.8277461878084998, -0.2135287116062365, -0.5188850912179661], [-0.5217772137862933, -0.047182287086327254, 0.8517760098516016], [-0.20636081929937483, 0.9757967621923552, -0.07235945793748506]], "target": [-0.8850930063888411, -0.20697586474252394, 0.4168589227252397], "inputs": [3, 3, 2], "outputs": [3, 3, 2], "time_start": null, "time_complete": null, "actions": null, "score": null}], "max_time": 360000}, {"name": "Hallowed Sign (Pair)", "assignments": [[1, 0], [3, 2]], "tasks": [{"designers": [1, 0], "num_inputs": [2, 1], "num_outputs": [2, 1], "coupling": [[-0.237612454098018, 0.801457672889003, -0.548822302958673], [-0.6256103111188787, -0.5584837749495892, -0.5447087402821773], [-0.7430693509217411, 0.21391931115586688, 0.6341028844243985]], "target": [-0.5594895870032992, -0.06170340907432795, 0.8265374107343745], "inputs": [1, 1, 0], "outputs": [1, 1, 0], "time_start": null, "time_complete": null, "actions": null, "score": null}, {"designers": [3, 2], "num_inputs": [2, 1], "num_outputs": [2, 1], "coupling": [[-0.7368728241776312, 0.6536015127729615, 0.17269482762774913], [-0.4886961516325265, -0.3384949453151628, -0.8041127056424635], [-0.4671129546138068, -0.6769240980324016, 0.5688402703175811]], "target": [-0.2504448941216504, 0.9552151433971725, 0.15761149968550664], "inputs": [3, 3, 2], "outputs": [3, 3, 2], "time_start": null, "time_complete": null, "actions": null, "score": null}], "max_time": 360000}, {"name": "Statuesque Name (Pair)", "assignments": [[1, 0], [3, 2]], "tasks": [{"designers": [1, 0], "num_inputs": [2, 1], "num_outputs": [2, 1], "coupling": [[-0.3458997281007914, -0.28021631541632985, -0.8954508331976103], [-0.6230435539396053, -0.644982454426877, 0.44250916756129266], [-0.7015483646863593, 0.7109686702351787, 0.048512286587186426]], "target": [-0.7859733066215302, 0.11240260109870925, -0.6079569199743208], "inputs": [1, 1, 0], "outputs": [1, 1, 0], "time_start": null, "time_complete": null, "actions": null, "score": null}, {"designers": [3, 2], "num_inputs": [2, 1], "num_outputs": [2, 1], "coupling": [[-0.5188220828243533, 0.08124610514135566, -0.8510127594655441], [-0.6351489363050253, -0.7029328797986412, 0.3201112231843558], [-0.5721970596607389, 0.7066006205045035, 0.4163004780423098]], "target": [0.30255831948012535, -0.9155871816190937, 0.2648746423653413], "inputs": [3, 3, 2], "outputs": [3, 3, 2], "time_start": null, "time_complete": null, "actions": null, "score": null}], "max_time": 360000}, {"name": "Chemical Rhythm (Pair)", "assignments": [[0, 1], [2, 3]], "tasks": [{"designers": [0, 1], "num_inputs": [2, 2], "num_outputs": [2, 2], "coupling": [[-0.3971055126336863, 0.003193019089879179, 0.9094735578108749, -0.12310509375269], [-0.7386066725670095, -0.5432165553644537, -0.34725214349354205, -0.19695660957837507], [-0.37901869801745264, 0.8033544697572409, -0.22268809303782378, -0.401716860105964], [-0.39129556811773725, 0.24398191434639416, -0.051805498753971, 0.8858198429376812]], "target": [0.6589007823879125, 0.5258733552945986, -0.20332313547907493, -0.49796252443206535], "inputs": [0, 0, 1, 1], "outputs": [0, 0, 1, 1], "time_start": null, "time_complete": null, "actions": null, "score": null}, {"designers": [2, 3], "num_inputs": [2, 2], "num_outputs": [2, 2], "coupling": [[-0.5862345084652684, -0.34150213486452685, -0.20563904992026139, -0.7052786499783952], [-0.5488771891627557, 0.31086021609931985, -0.6074389436260944, 0.48282262481152527], [-0.2906613604526668, -0.7488772669321977, 0.29198673961432225, 0.5190785648640912], [-0.5201719964022307, 0.47531574453390063, 0.7095591975330209, -0.004667156885812984]], "target": [-0.5096801954140384, 0.8147212116961935, 0.26468125360712924, 0.07999549739799344], "inputs": [2, 2, 3, 3], "outputs": [2, 2, 3, 3], "time_start": null, "time_complete": null, "actions": null, "score": null}], "max_time": 720000}, {"name": "Staking System (Pair)", "assignments": [[0, 1], [2, 3]], "tasks": [{"designers": [0, 1], "num_inputs": [1, 1], "num_outputs": [1, 1], "coupling": [[-0.9516935689363853, -0.30704942736492147], [-0.30704942736492147, 0.9516935689363851]], "target": [0.8343381191425319, 0.5512530298743964], "inputs": [0, 1], "outputs": [0, 1], "time_start": null, "time_complete": null, "actions": null, "score": null}, {"designers": [2, 3], "num_inputs": [1, 1], "num_outputs": [1, 1], "coupling": [[-0.443245880759387, -0.8964000720603691], [-0.8964000720603689, 0.4432458807593873]], "target": [-0.653522305680126, 0.7569072571844795], "inputs": [2, 3], "outputs": [2, 3], "time_start": null, "time_complete": null, "actions": null, "score": null}], "max_time": 180000}, {"name": "Breezy Rain (Pair)", "assignments": [[0, 1], [2, 3]], "tasks": [{"designers": [0, 1], "num_inputs": [1, 1], "num_outputs": [1, 1], "coupling": [[-0.7735253983976625, -0.6337653020115075], [-0.6337653020115075, 0.7735253983976625]], "target": [0.5769986610969087, 0.8167450918691674], "inputs": [0, 1], "outputs": [0, 1], "time_start": null, "time_complete": null, "actions": null, "score": null}, {"designers": [2, 3], "num_inputs": [1, 1], "num_outputs": [1, 1], "coupling": [[-0.17159885186665125, -0.9851669066904586], [-0.9851669066904587, 0.17159885186665125]], "target": [0.7948292216707329, -0.6068331800242115], "inputs": [2, 3], "outputs": [2, 3], "time_start": null, "time_complete": null, "actions": null, "score": null}], "max_time": 180000}, {"name": "Chief Government (Pair)", "assignments": [[0, 1], [2, 3]], "tasks": [{"designers": [0, 1], "num_inputs": [2, 2], "num_outputs": [2, 2], "coupling": [[-0.6877095165321253, -0.5627194792432296, 0.4382478251404299, 0.13542987968340456], [-0.454503010607935, -0.1570923867957017, -0.8150858467469163, -0.3230852175386787], [-0.5344392400621762, 0.782587289849644, 0.23349219459108966, -0.21774578644049486], [-0.1867011861270222, 0.215002101052169, -0.2984213485285234, 0.9109673223471481]], "target": [0.695622377569197, -0.20240163120088206, 0.36006026338870684, -0.5877922202961303], "inputs": [0, 0, 1, 1], "outputs": [0, 0, 1, 1], "time_start": null, "time_complete": null, "actions": null, "score": null}, {"designers": [2, 3], "num_inputs": [2, 2], "num_outputs": [2, 2], "coupling": [[-0.5384799927002238, 0.1900751089261402, -0.46403240878761115, -0.6771888023461775], [-0.4963390288326145, -0.7323097020796224, 0.45061521858410913, -0.11964946083433847], [-0.5506934330950137, -0.001426981351165535, -0.41687651130698977, 0.7231519071334629], [-0.4005291608174019, 0.6539051283871342, 0.6386186833280689, 0.06442555167196702]], "target": [0.38886705845624636, 0.2969665383658556, -0.3872617199362273, 0.7814228344568788], "inputs": [2, 2, 3, 3], "outputs": [2, 2, 3, 3], "time_start": null, "time_complete": null, "actions": null, "score": null}], "max_time": 720000}]}